1	0	0
2	0	0
3	0	0
4	0	0
5	1	1
6	1	1
7	1	1
8	1	1
9	1	1
10	1	1
11	1	1
12	1	1
13	1	1
14	1	1
15	1	1
16	1	1
17	1	1
18	1	1
19	1	1
20	1	1
21	1	1
22	1	1
23	1	1
24	1	1
25	1	1
26	1	1
27	1	1
28	1	1
29	1	1
30	1	1
31	1	2
32	1	1
33	1	1
34	1	4
35	1	1
36	1	1
37	1	1
38	1	1
39	1	1
40	2	1
41	2	1
42	2	1
43	2	2
44	2	1
45	2	1
46	2	1
47	2	1
48	2	1
49	2	1
50	2	1
51	2	1
52	2	1
53	2	1
54	2	1
55	3	3
56	3	1
57	3	1
58	3	2
59	4	1
60	4	2
61	4	2
62	4	2
63	4	2
64	4	2
65	4	2
66	4	2
67	4	2
68	4	2
69	4	2
70	4	2
71	4	2
72	4	2
73	4	2
74	4	2
75	4	2
76	4	2
77	4	2
78	4	2
79	4	2
80	4	2
81	4	2
82	4	2
83	4	2
84	4	2
85	4	2
86	4	2
87	4	2
88	4	2
89	4	2
90	4	2
91	4	2
92	4	2
93	4	2
94	4	2
95	4	2
96	4	2
97	4	2
98	4	2
99	4	2
100	4	2
101	4	2
102	4	2
103	4	2
104	4	2
105	4	2
106	4	2
107	4	2
108	4	2
109	4	2
110	4	2
111	4	2
112	4	2
113	4	3
114	4	2
115	4	2
116	4	2
117	4	2
118	4	2
119	4	2
120	4	2
121	4	2
122	4	2
123	4	2
124	4	2
125	4	2
126	4	2
127	4	2
128	4	2
129	4	2
130	4	2
131	4	2
132	4	2
133	4	2
134	4	2
135	4	2
136	4	2
137	4	2
138	4	2
139	4	2
140	4	2
141	4	2
142	4	3
143	4	2
144	4	2
145	4	2
146	4	2
147	4	2
148	4	2
149	4	2
150	4	2
151	4	2
152	4	2
153	4	2
154	4	2
155	4	2
156	4	2
157	4	2
158	4	2
159	4	2
160	4	2
161	4	2
162	4	2
163	4	2
164	4	2
165	4	2
166	4	2
167	4	2
168	4	2
169	4	2
170	4	2
171	4	2
172	4	2
173	4	2
174	4	2
175	4	2
176	4	2
177	4	2
178	4	2
179	4	2
180	4	2
181	4	2
182	4	2
183	4	2
184	4	2
185	4	2
186	4	2
187	4	2
188	4	2
189	4	2
190	4	2
191	4	2
192	4	2
193	4	2
194	4	2
195	4	2
196	4	2
197	4	2
198	4	2
199	4	2
200	4	2
201	5	1
202	5	1
203	5	1
204	5	1
205	5	1
206	5	2
207	5	1
208	5	1
209	6	1
210	6	1
211	6	2
212	6	1
213	6	1
214	6	1
215	6	1
216	6	1
217	6	2
218	6	2
219	6	2
220	6	1
221	6	1
222	6	2
223	6	2
224	6	1
225	6	2
226	6	2
227	6	4
228	6	2
229	6	2
230	6	2
231	6	2
232	6	2
233	6	1
234	6	1
235	6	1
236	6	2
237	6	1
238	6	1
239	6	1
240	6	2
241	6	2
242	7	3
243	7	2
244	7	2
245	7	2
246	7	2
247	7	2
248	7	2
249	7	2
250	7	3
251	7	3
252	7	2
253	7	2
254	7	2
255	7	2
256	7	2
257	7	4
258	7	2
259	7	2
260	7	2
261	7	3
262	7	2
263	7	2
264	7	2
265	7	2
266	7	2
267	7	2
268	7	2
269	7	2
270	7	2
271	7	2
272	7	2
273	7	2
274	7	2
275	7	2
276	7	2
277	7	2
278	7	2
279	7	2
280	7	3
281	7	2
282	7	2
283	7	3
284	7	2
285	7	2
286	7	2
287	7	2
288	7	2
289	7	3
290	7	2
291	7	2
292	7	2
293	7	3
294	7	2
295	7	3
296	7	2
297	7	2
298	7	2
299	7	2
300	7	2
301	7	2
302	7	2
303	7	2
304	7	2
305	7	2
306	7	2
307	7	2
308	7	2
309	7	2
310	7	2
311	7	2
312	7	3
313	7	2
314	8	1
315	8	1
316	8	5
317	8	1
318	8	1
319	8	1
320	8	1
321	8	1
322	8	1
323	8	1
324	8	1
325	8	1
326	8	3
327	8	4
328	8	1
329	8	1
330	8	1
331	8	1
332	8	1
333	8	1
334	8	1
335	8	1
336	8	1
337	8	1
338	8	8
339	8	1
340	8	1
341	8	1
342	8	1
343	8	1
344	8	1
345	8	1
346	8	1
347	8	1
348	8	1
349	8	1
350	8	1
351	8	1
352	8	1
353	8	1
354	8	1
355	8	1
356	8	1
357	8	1
358	8	3
359	8	1
360	8	1
361	8	1
362	8	1
363	8	1
364	8	1
365	8	1
366	8	1
367	8	1
368	8	1
369	8	1
370	8	1
371	8	1
372	8	1
373	8	1
374	8	3
375	8	1
376	8	1
377	8	1
378	8	1
379	8	1
380	8	1
381	8	1
382	8	1
383	8	1
384	8	3
385	8	1
386	8	1
387	9	2
388	9	4
389	9	3
390	9	4
391	10	1
392	10	3
393	10	2
394	10	1
395	10	1
396	10	1
397	10	1
398	10	1
399	10	1
400	10	1
401	10	1
402	10	1
403	10	1
404	10	1
405	10	1
406	10	1
407	10	1
408	10	1
409	10	1
410	10	1
411	10	1
412	10	1
413	10	1
414	10	1
415	10	1
416	10	1
417	10	1
418	10	1
419	10	1
420	10	1
421	10	1
422	10	1
423	10	1
424	10	1
425	10	1
426	12	1
427	12	1
428	12	2
429	12	1
430	12	2
431	12	3
432	12	1
433	12	1
434	12	1
435	12	1
436	12	1
437	12	1
438	12	1
439	12	1
440	12	1
441	12	1
442	12	1
443	12	1
444	12	1
445	12	1
446	12	1
447	12	1
448	14	1
449	14	1
450	14	1
451	14	1
452	14	1
453	14	1
454	14	1
455	14	1
456	14	1
457	14	1
458	14	1
459	14	1
460	14	1
461	14	1
462	14	1
463	14	2
464	14	1
465	14	1
466	14	1
467	14	1
468	14	1
469	14	1
470	14	1
471	14	1
472	14	1
473	14	1
474	14	1
475	14	1
476	14	1
477	14	1
478	15	2
479	16	2
480	16	1
481	18	3
482	18	1
483	19	6
484	20	4
485	20	3
486	22	3
487	22	1
488	23	3
489	24	2
490	24	1
491	24	1
492	24	1
493	24	1
494	28	1
495	30	1
496	30	1
497	30	2
498	30	2
499	30	1
500	30	1
501	30	1
502	32	3
503	32	1
504	36	3
505	80	3
506	80	5
