4.0596	1.3901	0.00319	0.00304
6.1658	1.5327	0.00302	0.00304
7.0163	1.5502	0.00371	0.00326
4.2581	1.4403	0.00377	0.00346
32.4377	4.8968	0.00372	0.00347
3.815	1.5613	0.00381	0.00347
5.876	1.453	0.00394	0.00352
6.1706	1.9755	0.00389	0.00354
40.3236	8.266	0.0039	0.00356
3.3262	1.4202	0.00401	0.00359
4.2516	1.5862	0.00367	0.00363
3.6271	1.88	0.00416	0.0037
13.7249	2.8646	0.0041	0.00373
4.1637	1.3366	0.00434	0.00381
3.4025	1.3533	0.00406	0.00386
3.8213	1.2977	0.00417	0.00387
34.183	4.8791	0.00415	0.00388
10.0833	2.6325	0.00415	0.00391
3.3961	1.331	0.00402	0.00391
5.2712	1.5582	0.00558	0.004
701.2439	1761.0809	0.00493	0.00404
1.6217	1.6959	0.00462	0.00405
1.9966	1.2829	0.00443	0.00415
3.46	1.4217	0.0045	0.00426
5.4192	2.0167	0.00401	0.00435
2.0838	1.2799	0.00486	0.00435
3.283	1.3851	0.00479	0.00438
3.6001	1.4003	0.00452	0.00438
4.354	1.6635	0.00432	0.0044
3.9317	1.369	0.00446	0.00443
8.4692	1.9717	0.00407	0.00448
5.3007	1.7716	0.00675	0.00475
3.187	1.8206	0.00693	0.00477
3.3205	1.5043	0.00735	0.00479
1.8272	1.3463	0.00671	0.00483
3.4073	1.7713	0.00912	0.00484
11.8537	3.3954	0.00704	0.00485
2.0996	1.7689	0.0072	0.00489
6.0697	2.063	0.00749	0.00491
6.1219	2.051	0.00708	0.00491
6.364	2.022	0.009	0.00491
3.3264	2.1038	0.00911	0.00491
28.677	5.469	0.00843	0.00491
5.3732	2.0757	0.00679	0.00493
3.2899	1.7918	0.00687	0.00494
3.2431	1.8228	0.00871	0.00494
1.8336	1.5915	0.00741	0.00495
3.1368	1.67	0.0072	0.00495
6.4041	1.539	0.00944	0.00495
6.3322	1.9774	0.0073	0.005
6.3233	1.674	0.00787	0.005
6.0442	2.0438	0.00737	0.00501
5.6681	1.9567	0.00789	0.00501
5.3332	2.0347	0.00703	0.00502
5.2728	1.54	0.0072	0.00502
3.402	1.6843	0.00742	0.00502
4.5615	1.6607	0.00661	0.00502
5.89	1.9476	0.00707	0.00503
27.2673	12.5598	0.00703	0.00506
6.5498	1.4735	0.00692	0.00507
4.0307	1.3584	0.00813	0.00507
5.3037	1.615	0.00709	0.00508
5.3271	2.0362	0.00707	0.0051
3.5388	1.7117	0.00914	0.00512
5.2482	1.7638	0.00731	0.00513
5.2428	2.039	0.00734	0.00514
3.2686	1.7375	0.00661	0.00514
5.3851	1.9985	0.00746	0.00515
5.3248	1.9589	0.00721	0.00515
1.7885	1.7138	0.00765	0.00515
6.6838	2.0636	0.00697	0.00515
4.0025	1.8692	0.00706	0.00515
3.2813	1.7881	0.00709	0.00517
240.9164	131.8378	0.00917	0.00517
3.3202	1.8808	0.00946	0.00518
3.7656	1.8226	0.00714	0.00518
2.2959	1.7091	0.009	0.00518
35.338	5.0817	0.00806	0.00519
6.5225	1.9986	0.00714	0.00521
5.1912	1.8956	0.00726	0.00521
5.7737	1.5333	0.00728	0.00521
3.7397	1.3268	0.00692	0.00521
3.7877	1.375	0.00831	0.00521
8.2585	2.3065	0.00812	0.00521
7.1508	2.1327	0.00863	0.00522
7.2656	2.1427	0.00724	0.00523
3600	116.354	0.00699	0.00523
3.4651	1.8512	0.00852	0.00523
13.0204	4.9907	0.00876	0.00524
11.9994	3.8224	0.00728	0.00525
5.3256	1.8937	0.00742	0.00525
6.8978	2.0576	0.00748	0.00525
5.348	1.8715	0.00748	0.00526
6.2861	1.5955	0.00706	0.00526
3.5016	1.862	0.00749	0.00526
3.5925	1.8173	0.00722	0.00527
8.2004	3.1228	0.00718	0.00527
3.2205	1.7287	0.00768	0.00528
3.1233	1.3397	0.00882	0.00528
6.5938	1.9125	0.00748	0.00529
3.6209	1.9058	0.0072	0.00529
20.926	10.9136	0.00706	0.00529
7.6081	2.5524	0.00834	0.00529
5.5627	2.0759	0.00834	0.00529
8.3379	1.923	0.00935	0.00531
5.6058	1.5829	0.00864	0.00531
1.7824	1.6213	0.00762	0.00532
43.9936	20.6311	0.00713	0.00532
4.27	1.5196	0.00822	0.00532
10.1027	2.6712	0.00906	0.00533
4.3568	1.3717	0.00726	0.00534
3.7473	1.8666	0.00733	0.00534
6.4672	1.5609	0.0083	0.00534
3.5626	1.8069	0.00845	0.00534
9.4334	2.7174	0.00881	0.00534
5.915	2.0372	0.00773	0.00535
1.6621	1.813	0.00829	0.00535
1.5656	1.6667	0.00736	0.00537
2.6284	1.2954	0.00984	0.00537
8.2249	2.7543	0.00917	0.00538
5.1902	1.9644	0.0103	0.00539
4.8513	1.8514	0.00725	0.00539
6.2109	1.5527	0.00748	0.0054
3.3233	1.6898	0.00871	0.00541
3.3284	1.9035	0.0073	0.00542
6.6412	2.0759	0.00848	0.00543
5.4753	1.9521	0.0089	0.00543
8.5379	1.4572	0.01108	0.00543
2.4468	1.2255	0.00967	0.00544
5.6488	1.9913	0.0068	0.00544
5.439	1.7926	0.00793	0.00545
5.7998	1.6271	0.00755	0.00545
8.6992	2.9478	0.00889	0.00547
5.8884	1.9422	0.00738	0.00548
4.1401	1.754	0.00925	0.00548
3.363	1.3591	0.00765	0.00549
5.5425	2.0249	0.0071	0.00549
4.7118	1.7174	0.0089	0.0055
6.164	1.5972	0.00769	0.00552
7.8916	2.6674	0.00728	0.00552
5.8732	1.9084	0.00869	0.00552
6.423	2.426	0.00745	0.00553
4.9836	2.0862	0.00858	0.00553
5.1207	1.5117	0.00827	0.00554
5.1277	2.1719	0.00746	0.00555
7.1822	2.0131	0.01002	0.00555
3.8036	1.3659	0.00783	0.00555
4.8411	1.7919	0.00746	0.00555
4.0333	1.4798	0.00752	0.00556
3.6102	1.3506	0.00808	0.00556
5.89	1.5663	0.00762	0.00559
3.8358	1.7265	0.00733	0.00561
3.3444	1.8318	0.00788	0.00562
14.2751	3.5856	0.00771	0.00563
3.2355	1.533	0.00861	0.00563
3.9343	1.8731	0.0097	0.00565
2.2039	1.4723	0.00987	0.00567
4.9779	1.9535	0.00805	0.00568
7.5626	1.8453	0.00737	0.00568
6.092	1.5771	0.00772	0.00568
3.8242	1.4323	0.00617	0.00573
3.6613	1.7771	0.00748	0.00574
3.3571	1.7841	0.00802	0.00575
4.8379	1.7515	0.00849	0.00575
7.0254	1.582	0.0051	0.00577
34.3491	3.0053	0.00746	0.00578
5.6631	1.8272	0.00749	0.00579
3.8407	1.7229	0.00654	0.00581
2.1559	1.7031	0.00772	0.00584
9.8465	2.3516	0.00825	0.00584
6.4256	2.8596	0.00759	0.00584
5.8903	1.9455	0.00844	0.00585
2.1938	1.774	0.00929	0.00589
22.2367	2.6442	0.00745	0.0059
3.4725	1.7224	0.01127	0.0059
3.8939	1.6307	0.00689	0.00592
3.6509	1.8957	0.00683	0.00592
4.8098	2.1051	0.01001	0.00594
4.1736	1.5136	0.00674	0.00599
1.9428	1.272	0.008	0.00601
6.3301	1.8822	0.00985	0.00603
9.9839	2.5518	0.00815	0.00605
3.9886	1.4303	0.00872	0.00606
3.371	1.7074	0.0097	0.00615
3.8227	1.4822	0.00658	0.00616
9.0646	2.3082	0.00728	0.00618
5.3479	1.7269	0.00804	0.00621
3.7459	1.6457	0.01002	0.00623
4.0141	1.6973	0.00948	0.00626
55.0834	26.4712	0.00819	0.00627
4.1995	1.4386	0.00997	0.00629
6.4288	1.9022	0.00999	0.0063
3.6784	1.6598	0.00811	0.0063
5.3279	1.9517	0.01053	0.00637
3.7711	1.8472	0.00796	0.0064
5.6132	2.1057	0.00857	0.00645
5.4486	2.1187	0.01259	0.00648
5.3578	1.8347	0.00863	0.00652
5.307	2.1886	0.00737	0.00654
63.4348	31.2895	0.01853	0.00656
1.7227	1.7234	0.00936	0.00667
2.6595	1.6823	0.00899	0.0068
3.5781	1.9169	0.01321	0.00682
2.1702	1.591	0.00458	0.00684
9.3161	2.3147	0.00909	0.00685
12.1898	3.5739	0.02343	0.00689
4.9272	1.536	0.00747	0.00692
6.3977	1.6576	0.00949	0.00716
3.471	1.8378	0.00879	0.00716
12.0086	3.5618	0.00891	0.0072
3.6072	1.279	0.00966	0.0073
3.4963	1.9054	0.00827	0.00734
9.7144	2.211	0.00934	0.00746
5.2423	2.0003	0.00755	0.0079
4.9344	1.5407	0.00869	0.00801
40.2874	14.4435	0.01074	0.0081
5.1069	1.8695	0.00951	0.00812
3.8836	1.5558	0.01455	0.00826
4.3728	1.4345	0.00552	0.00829
3.8351	1.592	0.00985	0.0083
6.0394	2.0343	0.0107	0.00833
17.0738	5.279	0.01517	0.00834
12.2585	2.9352	0.00823	0.00843
3.2371	1.8039	0.00699	0.00845
13.8912	2.494	0.00837	0.00857
4.1324	1.4124	0.00896	0.00873
9.7132	2.5406	0.0082	0.00873
3.3561	1.8485	0.01183	0.00875
9.3882	1.8842	0.00713	0.00887
3.2967	1.9955	0.01339	0.00897
3.5628	1.72	0.01282	0.00905
5.9549	2.0903	0.01357	0.0092
4.7087	1.8344	0.01664	0.00923
5.1877	1.4996	0.01409	0.00924
4.1078	1.9834	0.01235	0.00927
5.0934	1.8648	0.01154	0.00928
6.2624	1.5429	0.01124	0.00932
9.5403	2.9545	0.0139	0.00932
5.7129	2.1763	0.01349	0.00945
2.2109	1.2505	0.01343	0.00949
3.9523	2.2174	0.01818	0.0095
2.0858	1.8861	0.01878	0.00956
3.6195	1.4999	0.01131	0.00957
1.5629	1.4932	0.01863	0.00957
3.6248	1.8225	0.0133	0.00958
24.3068	29.8742	0.01186	0.00959
4.7139	1.9125	0.01403	0.00961
10.3894	2.4684	0.01801	0.00964
26.4966	2.3516	0.0143	0.00967
3.3754	1.8086	0.01544	0.00969
5.474	2.041	0.01424	0.00973
2.3359	1.5408	0.01761	0.00973
9.097	4.0835	0.01691	0.00976
5.0559	2.5977	0.0179	0.00978
7.0467	3.1456	0.01808	0.00981
4.3421	1.9048	0.01919	0.00985
3.5068	1.6259	0.01455	0.00986
3.68	1.5892	0.01393	0.0099
3.6758	2.0006	0.01785	0.00992
3.5027	1.6691	0.01422	0.00993
3.8471	1.7835	0.01217	0.00994
3.5265	1.8218	0.01457	0.00994
5.0812	2.1739	0.01567	0.01001
1.7862	1.7322	0.02258	0.01001
6.7535	2.9908	0.01837	0.01005
10.0647	2.2285	0.01446	0.01007
6.7193	1.5149	0.01418	0.01007
6.2492	2.1509	0.01495	0.01011
7.1109	1.649	0.00714	0.01014
3.2969	1.3521	0.01496	0.01017
3.3678	1.6671	0.01504	0.01018
5.632	1.8738	0.01411	0.0102
7.0185	2.1198	0.01473	0.01021
31.4486	8.9693	0.01674	0.01022
1.8407	1.2688	0.01531	0.01025
3.4986	1.3966	0.01483	0.01029
3.4117	1.7032	0.01468	0.01031
6.9969	1.8647	0.01516	0.01034
31.1682	8.2526	0.01462	0.01035
4.3347	1.9459	0.01505	0.01039
3.1908	1.8984	0.01531	0.01041
7.4114	1.8905	0.01516	0.01042
3.4268	1.8411	0.01714	0.01044
3.4792	1.7735	0.01528	0.01049
7.1749	3.5051	0.01942	0.0105
13.6852	4.8419	0.01716	0.01051
3.7862	1.5623	0.01832	0.01054
6.3405	2.0841	0.00931	0.01055
15.9812	4.1447	0.02389	0.01057
3.575	1.9712	0.01763	0.01057
3.4078	1.6856	0.01483	0.01058
9.9968	2.6931	0.01485	0.0106
9.4608	3.5892	0.02103	0.01066
3.7536	1.4954	0.00985	0.0107
4.5486	1.8475	0.01528	0.0107
4.4289	1.8897	0.01019	0.0107
5.9799	2.0615	0.02485	0.01072
25.0375	4.2341	0.02597	0.01073
5.057	1.3726	0.01952	0.01077
3.3613	1.4475	0.01537	0.01081
7.3357	2.0288	0.00913	0.01081
90.8986	165.4986	0.01496	0.01088
4.6104	1.9636	0.01474	0.01097
4.0372	2.0045	0.01478	0.01101
4.1265	1.8086	0.01598	0.01104
3.9527	1.8091	0.01368	0.01109
1.6273	1.7099	0.01543	0.01112
3.0189	1.7334	0.01501	0.01113
10.735	1.8126	0.00978	0.01114
7.8617	3.028	0.01536	0.01118
4.7439	1.9278	0.01888	0.01127
8.711	2.9316	0.0193	0.01127
11.6362	1.9424	0.01997	0.0113
4.9744	1.4183	0.01383	0.0113
12.4753	3.3243	0.01975	0.01132
8.8324	3.2726	0.01878	0.01133
2.0722	1.6914	0.01432	0.01141
6.9468	2.9676	0.01799	0.01152
34.2668	7.0838	0.01003	0.01158
10.2113	1.7828	0.01498	0.01163
5.1455	1.5336	0.0159	0.01165
3.353	1.3692	0.02092	0.0117
4.971	2.1294	0.01542	0.01178
13.7205	3.7471	0.01415	0.01185
3.8373	2.0977	0.0198	0.01186
14.7437	1.865	0.02962	0.01193
9.9685	2.4931	0.01512	0.01196
13.964	3.1667	0.02057	0.01205
19.0816	4.1507	0.0149	0.01207
3.6085	1.3203	0.01315	0.01208
4.7785	1.8708	0.01554	0.01211
5.8796	1.791	0.00967	0.01213
5.3993	1.5786	0.0235	0.0122
11.0897	2.3028	0.02086	0.0122
3.3487	1.393	0.01463	0.01233
4.5154	1.7708	0.01493	0.01237
4.4562	1.9174	0.02043	0.01241
97.7374	2.5284	0.01346	0.01245
8.8879	3.9104	0.0246	0.0125
6.7794	1.4843	0.01178	0.01253
5.7276	2.0179	0.01727	0.01259
3.7566	1.8883	0.01507	0.0126
4.3691	1.4549	0.01434	0.01273
5.2837	1.9573	0.01618	0.01279
2.2721	1.7363	0.01021	0.01284
5.6027	2.2705	0.02034	0.01289
9.608	3.2089	0.01603	0.01292
1.5944	1.5285	0.01595	0.01295
6.3395	1.9069	0.00968	0.01316
3.3818	1.8236	0.01418	0.01321
1.5448	1.7289	0.02453	0.01321
4.6711	1.4393	0.01637	0.01323
9.3731	2.5486	0.00741	0.01324
2.9008	1.3369	0.01593	0.01324
5.1743	1.6392	0.0244	0.01337
7.1002	2.9637	0.02092	0.01351
2.0541	1.6428	0.02208	0.01369
3.2924	1.4685	0.02124	0.01375
4.7827	2.1922	0.02501	0.01375
3.8402	1.5526	0.0183	0.01387
10.0687	2.5586	0.01771	0.01407
1.6985	1.7003	0.01465	0.01424
11.7255	2.8155	0.01692	0.01444
6.2348	1.8401	0.02061	0.01444
3.346	1.617	0.01727	0.01445
3.5087	1.7709	0.0176	0.01448
5.0843	2.1183	0.01719	0.01451
12.3045	2.1797	0.01746	0.01456
3.2239	1.7607	0.02148	0.01488
21.9105	4.1615	0.0183	0.01499
3.4539	1.7883	0.0226	0.01516
9.8074	3.4018	0.02472	0.01532
3.2549	1.967	0.01754	0.01545
11.5419	4.0748	0.0219	0.01546
5.5217	1.9603	0.01866	0.01551
27.3298	8.3822	0.03262	0.01576
3.4229	1.2776	0.01597	0.0158
4.8565	1.5201	0.02718	0.0158
14.4532	1.8691	0.01877	0.01582
4.3363	1.651	0.0394	0.01602
10.7846	2.9478	0.01809	0.01606
6.7613	2.0525	0.0158	0.01644
2.549	1.8759	0.04032	0.01668
3.6571	1.9482	0.01431	0.01669
8.5114	2.3148	0.03602	0.01734
8.3792	3.3565	0.03866	0.01801
5.361	1.9508	0.01471	0.01826
3.5035	1.9185	0.015	0.01832
4.8016	2.166	0.0152	0.01857
1.9958	1.6464	0.02126	0.01889
3.5254	1.8333	0.03152	0.01893
7.0144	1.6557	0.00506	0.01894
5.6919	2.0959	0.02556	0.01946
8.7891	1.7827	0.02756	0.02066
8.66	2.3716	0.03674	0.02108
2.6904	1.7529	0.07039	0.02255
2.1939	1.7419	0.02475	0.02289
5.7486	2.0653	0.02516	0.02371
2.6554	1.4813	0.01626	0.02455
1.5653	1.6702	0.03529	0.02461
7.3399	2.2658	0.04456	0.02755
2.0539	1.8057	0.04516	0.02828
11.601	2.3548	0.03433	0.02851
7.6034	2.1782	0.04824	0.02867
3.8669	1.8187	0.07435	0.02882
4.97	1.9636	0.02994	0.03074
4.4067	1.3491	0.06398	0.03089
4.4628	1.5326	0.05198	0.03236
4.0727	1.4437	0.02767	0.03273
2.1969	1.3104	0.06214	0.03419
5.8065	2.0766	0.03984	0.03488
5.193	1.973	0.04272	0.03568
1.6896	1.7333	0.04791	0.03568
3.3872	1.8935	0.0403	0.03569
4.5505	1.7491	0.04747	0.03579
6.0834	2.1548	0.04053	0.036
15.0573	3.4688	0.04278	0.03611
4.5929	1.9288	0.56652	0.03646
23.8262	3.831	0.0417	0.03713
17.464	3.7422	0.04246	0.03783
41.8096	11.5881	0.04257	0.0379
3.4062	1.9869	0.04243	0.03823
4.1487	1.5006	0.04523	0.03828
10.9446	3.612	0.05614	0.03923
12.8748	2.3483	0.05138	0.03932
1.8215	1.3214	0.07104	0.04014
4.5017	1.3855	0.0469	0.04016
5.939	1.6235	0.07236	0.04068
10.0645	3.8751	0.04936	0.04315
8.274	2.9896	0.08076	0.04358
7.4512	2.7009	0.05992	0.04402
3.3821	1.4307	0.09544	0.04928
11.9134	2.8032	0.06446	0.05009
6.1039	1.5917	0.11604	0.0504
15.1073	2.9241	0.06401	0.05765
6.2351	2.1264	0.1274	0.05774
4.5673	1.3354	0.09574	0.05804
33.0534	5.5424	0.0646	0.05832
5.3584	1.535	0.11318	0.05847
8.8235	2.8485	0.06649	0.0595
8.1423	3.1664	0.06694	0.06022
4.7941	2.081	0.06814	0.06124
9.7013	2.7646	0.08035	0.06184
1.6543	1.3778	0.11839	0.06208
1.4919	1.6755	0.19073	0.06213
8.4392	3.4525	0.06946	0.06224
8.6599	3.4114	0.07231	0.06277
8.5966	2.9963	0.07014	0.06284
4.1758	1.8086	0.07367	0.06304
5.3904	1.5811	0.06965	0.06306
5.6615	1.5773	0.12649	0.06329
11.6891	3.2132	0.08273	0.0635
15.7689	3.4845	0.07144	0.06357
8.954	2.4887	0.07403	0.06361
7.4513	3.0974	0.0817	0.06372
10.7895	2.9178	0.07436	0.06372
1.7316	1.5729	0.11701	0.06393
6.4035	2.5306	0.0733	0.06407
8.4039	2.1214	0.07192	0.06419
7.7761	2.5835	0.07256	0.06441
8.3032	2.7766	0.08338	0.06456
23.8755	5.1218	0.07143	0.06465
10.5368	3.2353	0.07224	0.06492
8.8039	2.459	0.08387	0.06507
11.1264	3.3575	0.07261	0.06553
10.0682	2.4453	0.14173	0.06603
2.2414	1.6635	0.11396	0.06665
8.5628	2.8152	0.07463	0.06679
8.9143	3.5781	0.07393	0.06796
8.436	2.8148	0.07442	0.06817
5.7299	2.062	0.0708	0.06949
5.887	1.6802	0.16681	0.07132
8.8547	2.5636	0.06811	0.07274
9.3764	2.2618	0.07073	0.07384
8.0149	3.2332	0.09003	0.07576
8.366	2.7297	0.07228	0.07582
4.233	1.3505	0.11077	0.07704
7.0436	2.9662	0.08855	0.07797
14.8385	4.3427	0.09183	0.07826
3.4709	1.6919	0.10971	0.07912
7.0922	3.1687	0.08936	0.07972
11.3707	4.1625	0.08822	0.07973
5.2329	2.7073	0.1036	0.0798
10.4861	3.0212	0.09049	0.08277
9.0207	4.1271	0.09371	0.08369
6.0264	2.4734	0.09359	0.08435
5.2746	2.3483	0.0937	0.08493
2.4582	1.4021	0.09393	0.08499
7.8521	2.8378	0.09048	0.08552
7.2103	3.0492	0.1128	0.08871
3.3124	1.9527	0.11989	0.08913
4.172	1.6495	0.08801	0.09126
3.4588	1.5373	0.10725	0.09702
10.404	2.8775	0.093	0.09768
3.4149	1.326	0.10794	0.09775
2.5394	1.739	0.11249	0.1006
2.6201	1.7258	0.11535	0.10192
4.1512	1.3854	0.25639	0.10249
6.4478	1.9108	0.1209	0.10378
3.221	1.8273	3.28011	0.10823
3.5153	1.7966	0.13496	0.121
4.192	1.4116	0.15812	0.14215
3.7935	1.4082	0.20679	0.17735
10.1242	1.8044	0.23824	0.20187
24.3268	5.8345	0.23534	0.20357
3.3651	1.4882	194.71767	9.87566
