NumberStatement	NumberMCI	NumberRRI	MCISolvingRoundAverage	TotalTimeAverage	MCILabelsTimeAverage	MCIOperationsTimeAverage	RRIOperationsTimeAverage	RRIILPSolvingTimeAverage
2	4	4	15	34.33	19.17	9.06	4.76	1.34
1	1	1	8	29.62	24.02	3.30	0.65	1.65
1	8	8	15	25.01	11.95	5.93	5.61	1.52
2	4	4	15	17.71	9.30	4.42	2.35	1.63
1	5	5	24	27.56	19.20	5.41	1.48	1.47
2	7	7	24	24.75	14.55	5.84	2.85	1.51
1	1	1	8	11.78	9.25	0.95	0.27	1.32
2	4	4	15	19.97	15.06	2.45	1.08	1.38
3	8	8	57	80.76	42.78	21.68	14.40	1.90
1	2	2	6	18.32	13.10	1.16	0.62	3.43
2	4	4	15	16.64	10.37	3.16	1.61	1.49
1	14	14	24	39.40	20.58	7.36	9.75	1.71
1	8	8	15	20.61	11.34	3.56	4.18	1.53
1	32	32	102	190.73	78.87	52.78	56.78	2.29
1	160	160	306	3280.11	91.05	392.98	2787.54	8.55
1	30	30	96	113.96	60.45	26.03	25.71	1.76
1	30	30	96	120.90	62.89	26.07	30.15	1.79
2	4	4	15	8.91	4.88	1.78	1.02	1.23
2	4	4	15	8.27	4.46	1.74	0.90	1.16
2	4	4	15	8.79	4.86	1.75	0.96	1.22
2	4	4	15	8.19	4.30	1.72	1.00	1.17
1	2	2	12	9.85	7.41	0.96	0.24	1.24
2	4	4	15	8.49	4.43	1.81	0.88	1.37
1	8	8	15	9.78	4.71	1.92	1.77	1.38
1	8	8	15	10.03	4.66	1.96	1.93	1.49
3	7	7	53	27.67	12.59	10.66	2.87	1.55
1	1	1	8	5.52	3.50	0.54	0.12	1.35
2	3	3	18	9.67	5.70	1.88	0.56	1.53
2	4	4	15	10.21	5.88	1.81	1.11	1.41
1	8	8	15	10.19	4.60	1.90	2.21	1.49
2	5	5	24	13.15	8.54	2.38	0.82	1.41
2	4	4	15	8.72	4.74	1.76	0.86	1.35
2	4	4	15	8.37	4.63	1.64	0.82	1.29
2	4	4	15	8.23	4.43	1.63	0.84	1.33
1	14	14	24	19.30	9.04	3.86	4.81	1.59
1	8	8	15	9.97	4.66	1.82	2.07	1.43
1	8	8	15	10.02	4.71	1.83	1.97	1.52
3	7	7	46	20.92	9.40	7.76	2.33	1.43
2	7	7	24	15.12	8.54	3.10	2.06	1.42
1	8	8	15	9.13	4.34	1.80	1.69	1.30
1	8	8	15	9.68	4.52	1.80	1.92	1.44
2	6	6	24	15.36	9.98	2.52	1.34	1.52
2	6	6	24	14.96	9.72	2.55	1.39	1.31
1	8	8	15	9.85	4.59	1.79	2.03	1.44
2	6	6	24	14.78	9.64	2.54	1.18	1.42
2	6	6	24	15.97	10.46	2.56	1.45	1.51
2	6	6	24	15.54	10.20	2.59	1.41	1.34
2	6	6	24	14.98	9.85	2.47	1.18	1.48
2	6	6	24	14.32	9.25	2.44	1.42	1.21
2	6	6	24	15.42	10.19	2.53	1.40	1.30
2	6	6	24	13.83	8.84	2.44	1.33	1.22
2	6	6	24	14.18	9.04	2.46	1.35	1.32
2	6	6	24	15.31	9.98	2.51	1.48	1.34
2	6	6	24	14.74	9.73	2.49	1.29	1.23
2	6	6	24	14.22	8.83	2.49	1.39	1.50
2	6	6	24	15.43	10.06	2.45	1.42	1.50
1	8	8	15	9.17	4.06	1.78	1.86	1.46
1	8	8	15	9.87	4.75	1.78	1.84	1.50
1	8	8	15	10.01	4.79	1.90	1.78	1.54
1	8	8	15	9.17	4.04	1.80	1.96	1.37
2	4	4	15	7.83	4.08	1.60	1.00	1.15
3	7	7	53	25.16	11.19	9.79	2.84	1.34
2	4	4	15	7.55	4.00	1.57	0.82	1.17
1	1	1	8	4.58	2.85	0.50	0.10	1.12
2	7	7	24	14.71	8.46	3.00	1.87	1.38
2	7	7	24	15.00	8.62	2.99	2.07	1.33
2	7	7	24	15.20	8.59	3.07	2.22	1.32
1	1	1	8	5.06	3.30	0.46	0.10	1.19
1	1	1	8	4.79	3.14	0.45	0.10	1.11
1	1	1	8	5.10	3.32	0.60	0.10	1.08
2	7	7	24	16.03	9.40	3.13	2.15	1.34
2	7	7	24	16.37	9.45	3.09	2.29	1.54
2	7	7	24	16.18	9.37	3.02	2.30	1.48
2	7	7	24	16.26	9.34	3.06	2.31	1.54
2	7	7	24	15.93	9.14	3.04	2.32	1.43
2	7	7	24	15.95	9.22	3.03	2.24	1.47
2	7	7	24	15.90	9.16	3.07	2.15	1.53
2	7	7	24	15.67	9.35	3.01	1.92	1.38
2	10	10	36	21.90	13.24	4.54	2.78	1.33
1	1	1	12	7.14	4.97	0.91	0.10	1.16
2	4	4	15	8.57	4.97	1.57	0.82	1.21
2	7	7	24	17.14	9.06	3.79	2.93	1.36
2	4	4	15	18.53	5.94	9.90	0.81	1.87
2	7	7	24	15.28	8.89	2.95	2.20	1.25
1	1	1	8	4.86	3.15	0.47	0.09	1.15
2	7	7	24	14.90	8.63	3.01	2.03	1.22
2	7	7	24	15.01	8.84	3.02	1.94	1.22
3	7	7	54	27.18	12.98	9.99	2.90	1.31
2	7	7	24	15.37	9.00	3.04	1.96	1.35
2	7	7	24	15.98	9.54	3.02	1.92	1.51
1	1	1	8	4.93	3.11	0.46	0.09	1.27
1	8	8	15	9.06	4.04	1.77	1.75	1.50
2	4	4	15	7.87	3.86	1.60	0.90	1.50
2	7	7	24	15.44	8.60	3.11	2.14	1.59
2	4	4	15	8.29	4.34	1.57	0.88	1.49
1	14	14	24	17.99	8.06	3.68	4.77	1.47
1	8	8	15	8.99	4.04	1.73	1.93	1.28
3	10	10	73	32.62	13.02	13.16	5.06	1.38
2	7	7	24	15.28	8.89	3.00	2.18	1.21
2	7	7	24	15.16	8.79	2.99	2.10	1.29
2	7	7	24	14.68	8.36	2.96	2.13	1.23
2	7	7	24	14.85	8.58	3.05	2.00	1.22
2	7	7	24	15.05	8.70	2.90	2.24	1.21
2	7	7	24	14.83	8.33	2.98	2.24	1.28
2	7	7	24	15.04	8.68	3.01	2.12	1.23
1	1	1	8	4.32	2.72	0.43	0.08	1.09
2	7	7	24	14.15	7.93	2.88	2.12	1.22
2	7	7	24	14.63	8.19	3.09	2.18	1.17
2	7	7	24	14.83	8.52	2.92	2.19	1.20
2	7	7	24	14.31	8.17	3.03	1.92	1.20
2	7	7	24	14.46	8.13	2.91	2.20	1.23
2	7	7	24	14.73	8.57	3.03	1.95	1.18
2	7	7	24	17.16	10.48	3.44	1.88	1.37
2	7	7	24	15.16	8.77	2.98	2.07	1.34
2	7	7	24	14.34	8.32	2.92	1.86	1.24
2	7	7	24	15.07	8.87	2.96	1.97	1.27
1	8	8	15	9.34	4.58	1.75	1.72	1.28
2	4	4	15	7.28	3.63	1.56	0.88	1.21
1	1	1	8	4.01	2.33	0.51	0.08	1.08
1	12	12	21	14.62	6.73	3.02	3.61	1.27
2	7	7	24	14.65	8.31	2.99	2.07	1.28
2	4	4	15	7.33	3.73	1.56	0.91	1.14
2	4	4	15	7.48	3.83	1.55	0.95	1.15
3	7	7	60	35.29	21.58	9.73	2.50	1.48
1	10	10	36	72.28	63.29	4.33	3.21	1.45
1	14	14	24	17.90	8.09	3.65	4.79	1.37
1	8	8	15	8.71	3.88	1.71	1.83	1.29
2	4	4	15	14.93	11.07	1.55	0.87	1.44
3	18	18	151	74.35	22.39	35.08	15.36	1.53
1	2	2	12	6.54	4.31	0.85	0.21	1.18
1	2	2	12	6.58	4.47	0.83	0.19	1.08
1	8	8	15	9.29	4.34	1.75	2.02	1.19
1	8	8	15	8.45	3.69	1.87	1.68	1.20
1	1	1	8	4.01	2.39	0.45	0.07	1.10
2	4	4	15	10.30	5.30	2.42	1.31	1.27
2	4	4	15	10.02	5.15	2.32	1.40	1.16
2	7	7	24	24.72	16.46	3.93	2.95	1.37
2	4	4	15	9.14	4.64	2.10	1.19	1.21
3	8	8	59	48.24	28.06	11.45	7.42	1.30
3	8	8	60	45.16	24.70	11.72	7.32	1.42
1	8	8	15	8.69	3.82	1.83	1.81	1.23
1	8	8	15	8.43	3.47	1.80	1.93	1.23
2	6	6	38	64.01	55.10	5.36	2.23	1.33
1	8	8	15	8.76	3.79	1.79	2.02	1.17
2	4	4	15	7.08	3.44	1.61	0.88	1.14
1	8	8	15	8.89	3.80	1.80	2.10	1.20
2	4	4	15	7.48	3.80	1.56	0.93	1.19
2	4	4	15	7.41	3.63	1.62	0.94	1.21
2	4	4	15	7.20	3.44	1.62	0.91	1.22
2	4	4	15	7.30	3.53	1.62	0.85	1.30
2	4	4	15	7.35	3.60	1.63	0.84	1.29
2	4	4	15	7.21	3.62	1.59	0.87	1.14
3	20	20	211	194717.67	9850.98	2176.21	182686.29	4.18
2	4	4	15	7.22	3.58	1.60	0.93	1.11
1	8	8	15	11.08	4.65	2.45	2.81	1.18
2	4	4	15	9.70	5.13	2.13	1.25	1.19
2	4	4	15	9.12	4.63	2.17	1.15	1.16
2	4	4	15	9.00	4.41	2.11	1.30	1.18
2	4	4	15	9.11	4.55	2.15	1.19	1.22
1	8	8	15	11.27	5.00	2.39	2.65	1.22
2	4	4	15	9.35	4.64	2.10	1.34	1.28
2	4	4	15	9.46	4.78	2.19	1.13	1.35
2	4	4	15	9.09	4.55	2.15	1.17	1.22
2	4	4	15	9.51	4.79	2.12	1.33	1.26
2	4	4	15	7.20	3.53	1.60	0.86	1.21
2	4	4	15	7.48	3.70	1.61	0.95	1.23
2	4	4	15	7.25	3.62	1.57	0.82	1.23
2	4	4	15	7.14	3.54	1.59	0.80	1.21
2	4	4	15	7.49	3.81	1.57	0.82	1.29
2	4	4	15	7.65	3.79	1.55	0.94	1.37
2	4	4	15	8.20	4.34	1.60	0.90	1.35
1	8	8	15	8.81	3.62	1.80	2.09	1.30
2	4	4	15	7.20	3.44	1.55	0.92	1.29
1	2	2	12	6.89	4.51	0.84	0.20	1.34
2	4	4	15	7.68	3.98	1.56	0.79	1.36
5	8	8	105	63.98	25.61	29.33	7.68	1.35
1	8	8	15	8.58	3.78	1.75	1.87	1.18
3	9	9	41	20.57	9.97	6.09	3.17	1.35
4	9	9	40	36.02	14.58	8.88	11.17	1.39
2	7	7	24	15.31	8.95	2.96	2.22	1.18
2	4	4	15	7.71	4.08	1.61	0.86	1.16
2	4	4	15	7.69	4.09	1.59	0.87	1.14
4	6	6	28	17.85	8.06	4.64	3.84	1.31
2	4	4	15	7.41	3.87	1.57	0.79	1.19
1	6	6	24	10.70	6.14	2.35	1.06	1.16
2	4	4	15	7.13	3.54	1.65	0.77	1.16
2	4	4	15	7.18	3.75	1.60	0.75	1.07
3	36	36	110	166.81	61.94	45.95	56.99	1.94
3	12	12	50	56.14	37.49	9.47	7.72	1.46
2	30	30	121	141.73	63.01	41.26	35.63	1.82
2	4	4	15	8.15	4.52	1.58	0.83	1.21
1	14	14	24	19.42	8.72	3.71	5.56	1.43
1	14	14	24	18.63	7.98	3.61	5.61	1.42
1	14	14	24	20.86	10.56	3.65	5.16	1.49
1	14	14	24	20.43	10.06	3.72	5.31	1.35
1	14	14	24	22.08	11.58	3.69	5.53	1.27
1	14	14	24	20.34	10.05	3.70	5.34	1.25
1	14	14	24	19.80	9.66	3.70	5.20	1.24
1	14	14	24	20.92	11.58	3.46	4.62	1.27
1	8	8	15	8.13	3.43	1.87	1.68	1.14
1	8	8	15	8.06	3.27	1.76	1.86	1.17
4	1	1	190	110.77	69.78	39.01	0.53	1.45
2	4	4	15	7.46	3.79	1.56	0.97	1.15
2	4	4	15	7.30	3.80	1.58	0.79	1.13
3	3	3	31	18.30	12.47	3.87	0.76	1.20
2	4	4	15	8.05	4.34	1.61	0.93	1.17
2	7	7	24	14.95	8.67	2.97	2.10	1.22
1	12	12	21	15.17	6.91	3.14	3.73	1.39
2	4	4	15	7.65	3.82	1.58	0.90	1.35
1	14	14	24	18.37	8.41	3.57	4.82	1.57
2	4	4	15	8.44	4.77	1.57	0.90	1.20
2	4	4	15	7.46	3.89	1.57	0.88	1.11
2	30	30	91	118.39	61.08	27.91	27.61	1.80
2	4	4	15	7.52	3.90	1.57	0.88	1.17
2	4	4	15	7.49	3.83	1.57	0.93	1.17
2	4	4	15	7.36	3.85	1.58	0.82	1.11
1	10	10	36	74.03	64.36	4.91	3.22	1.55
1	1	1	8	4.62	2.96	0.43	0.07	1.17
2	4	4	15	7.93	4.15	1.55	0.93	1.29
2	4	4	15	7.49	3.72	1.58	0.91	1.28
1	8	8	15	8.71	3.58	1.76	1.96	1.41
6	19	19	342	256.39	84.42	134.03	36.15	1.79
1	12	12	42	19.75	8.82	5.57	4.02	1.34
1	14	14	24	18.18	7.75	3.65	5.40	1.37
1	1	1	8	4.16	2.54	0.42	0.06	1.13
2	4	4	15	7.14	3.60	1.54	0.81	1.18
2	4	4	15	7.34	3.67	1.56	0.92	1.19
2	4	4	15	7.62	4.04	1.59	0.77	1.22
2	4	4	15	7.73	3.90	1.59	0.96	1.27
2	4	4	15	7.48	3.71	1.60	0.86	1.31
2	4	4	15	7.42	3.65	1.57	0.92	1.27
1	5	5	24	11.86	7.84	2.18	0.64	1.20
1	8	8	15	8.61	3.97	1.74	1.70	1.19
1	8	8	15	8.82	3.74	1.75	2.08	1.25
1	24	24	78	72.36	36.73	16.34	17.68	1.61
1	30	30	96	117.01	60.72	24.77	29.70	1.82
3	32	32	102	127.40	52.56	32.29	40.77	1.79
2	4	4	15	7.03	3.43	1.55	0.87	1.18
2	4	4	15	7.37	3.55	1.57	0.92	1.32
2	12	12	39	21.03	8.75	6.00	4.73	1.55
1	5	5	24	13.68	9.42	2.13	0.72	1.41
1	8	8	15	9.00	3.84	1.77	1.91	1.48
2	4	4	15	8.02	4.50	1.51	0.78	1.23
2	4	4	15	7.09	3.48	1.56	0.89	1.16
1	8	8	15	8.52	3.66	1.77	1.87	1.22
1	14	14	24	18.08	7.75	3.53	5.53	1.26
3	7	7	60	24.40	11.07	9.40	2.66	1.27
2	4	4	15	7.45	4.09	1.50	0.78	1.09
1	0	0	6	8.96	8.65	0.31	0.00	0.00
1	1	1	8	13.46	11.80	0.43	0.07	1.16
2	4	4	15	16.92	13.26	1.56	0.90	1.20
2	2	2	45	14.55	7.23	5.68	0.38	1.27
1	3	3	19	9.85	6.50	1.75	0.39	1.20
2	7	7	24	14.24	7.97	2.92	2.04	1.31
3	7	7	36	23.50	10.08	5.90	6.00	1.52
4	9	9	49	38.66	15.16	10.51	11.52	1.47
2	4	4	15	7.24	3.58	1.51	0.96	1.18
2	4	4	15	7.46	3.66	1.54	0.87	1.39
2	4	4	15	7.37	3.84	1.53	0.83	1.17
1	6	6	24	11.83	7.01	2.41	1.23	1.18
1	6	6	24	12.35	7.73	2.38	1.08	1.17
2	4	4	15	7.07	3.56	1.53	0.81	1.17
2	7	7	24	14.57	8.14	3.00	2.21	1.22
1	6	6	24	10.74	6.10	2.41	1.12	1.11
2	4	4	15	7.37	3.77	1.54	0.89	1.18
1	14	14	24	17.63	7.62	3.55	5.17	1.28
8	8	8	30	25.56	17.64	3.82	2.69	1.42
2	4	4	15	9.67	4.96	2.12	1.30	1.30
1	8	8	15	12.59	6.40	2.35	2.41	1.43
2	4	4	15	9.84	5.10	2.11	1.11	1.52
2	4	4	15	9.44	4.81	2.06	1.14	1.42
2	7	7	24	18.01	10.18	3.94	2.63	1.26
1	8	8	15	13.21	6.65	2.39	2.90	1.26
2	7	7	24	19.52	11.11	4.07	3.14	1.20
1	5	5	24	11.54	7.45	2.11	0.76	1.22
2	4	4	15	7.38	3.87	1.54	0.82	1.15
1	14	14	24	16.91	7.37	3.63	4.66	1.24
4	7	7	72	31.52	13.61	13.19	3.47	1.25
2	7	7	24	13.39	7.26	2.88	2.02	1.22
2	4	4	15	7.45	3.93	1.56	0.81	1.15
2	7	7	24	14.09	7.74	3.00	2.17	1.19
2	7	7	24	14.03	7.97	2.93	1.97	1.16
1	8	8	15	8.90	3.91	1.74	2.01	1.24
2	4	4	15	7.62	4.01	1.54	0.90	1.18
1	1	1	8	4.34	2.75	0.40	0.06	1.12
2	4	4	15	9.36	5.28	2.08	0.87	1.14
1	4	4	36	17.27	11.30	3.98	0.75	1.23
2	4	4	15	7.28	3.72	1.53	0.86	1.17
1	1	1	4	3.89	2.51	0.19	0.06	1.13
1	12	12	42	90.03	74.24	5.60	7.93	2.26
3	7	7	62	24.53	10.41	9.91	2.80	1.41
3	7	7	45	21.24	11.30	6.55	2.14	1.24
2	7	7	24	14.55	8.23	2.94	2.16	1.21
3	8	8	58	44.56	24.62	11.26	7.40	1.27
2	4	4	15	6.93	3.46	1.49	0.83	1.15
2	4	4	15	6.83	3.29	1.52	0.88	1.14
2	4	4	15	6.61	3.12	1.55	0.79	1.15
2	4	4	15	6.61	3.13	1.53	0.79	1.16
1	8	8	15	8.27	3.66	1.68	1.73	1.20
2	4	4	15	7.96	4.43	1.62	0.77	1.13
2	4	4	15	7.06	3.52	1.54	0.84	1.16
1	6	6	12	7.13	3.76	1.18	1.03	1.16
1	3	3	16	8.69	6.07	1.18	0.30	1.15
1	1	1	8	4.52	2.92	0.41	0.06	1.12
2	4	4	15	7.33	3.73	1.53	0.89	1.18
2	4	4	15	8.04	4.43	1.51	0.85	1.25
2	15	15	47	40.32	13.62	10.70	14.35	1.66
1	2	2	12	6.74	4.63	0.78	0.21	1.13
1	2	2	6	3.67	1.96	0.40	0.17	1.14
1	1	1	4	3.02	1.70	0.19	0.05	1.08
1	8	8	15	8.48	3.53	1.76	2.01	1.18
2	4	4	15	7.46	3.89	1.55	0.87	1.15
1	1	1	8	3.90	2.31	0.42	0.06	1.10
1	8	8	15	8.30	3.61	1.68	1.82	1.20
2	4	4	15	6.97	3.39	1.54	0.90	1.15
2	4	4	15	6.92	3.36	1.52	0.92	1.12
2	4	4	15	6.71	3.24	1.52	0.81	1.13
2	1	1	8	4.46	2.85	0.43	0.06	1.11
1	8	8	15	8.34	3.62	1.75	1.73	1.24
1	8	8	15	8.64	3.65	1.72	2.01	1.25
2	7	7	24	13.90	7.53	2.97	2.10	1.30
1	28	28	90	95.44	45.71	21.34	26.48	1.91
1	10	10	36	18.09	8.56	4.37	3.87	1.28
2	6	6	36	64.60	56.33	4.95	2.04	1.29
1	0	0	40	21.26	18.09	3.17	0.00	0.00
2	7	7	24	13.43	7.29	2.93	1.99	1.23
2	12	12	24	16.74	7.99	3.57	3.97	1.21
2	4	4	15	7.10	3.60	1.48	0.87	1.14
4	8	8	63	36.74	17.68	12.53	5.29	1.24
2	4	4	15	7.48	3.93	1.53	0.88	1.14
2	4	4	15	7.72	4.16	1.54	0.88	1.15
2	7	7	24	15.80	9.38	2.89	2.28	1.24
3	4	4	60	29.94	18.08	8.92	1.46	1.49
1	8	8	30	42.57	36.13	3.31	1.71	1.42
2	14	14	41	24.60	9.61	7.30	6.36	1.33
2	4	4	15	6.75	3.28	1.59	0.74	1.14
1	14	14	24	17.61	7.49	3.55	5.38	1.20
2	7	7	24	13.30	7.50	2.92	1.74	1.14
1	6	6	28	12.82	7.02	3.36	1.28	1.16
2	7	7	24	13.93	8.04	2.89	1.81	1.18
1	8	8	15	8.12	3.42	1.73	1.79	1.19
1	80	80	189	566.52	14.90	114.68	433.67	3.26
1	1	1	8	5.58	3.65	0.58	0.09	1.26
2	7	7	24	19.19	10.69	4.10	2.92	1.48
2	4	4	15	9.70	5.85	1.54	0.83	1.48
2	4	4	15	7.72	3.96	1.53	0.93	1.30
3	23	23	150	113.18	51.77	38.31	21.28	1.82
3	22	22	54	62.14	29.70	13.73	17.17	1.53
1	14	14	24	24.85	14.56	3.57	5.39	1.33
1	5	5	24	11.24	7.15	2.10	0.74	1.25
2	9	9	63	23.43	4.30	12.91	4.84	1.38
1	2	2	12	9.49	6.83	1.13	0.29	1.23
1	14	14	24	22.58	9.72	4.84	6.71	1.32
2	4	4	15	9.25	4.78	2.05	1.20	1.22
2	4	4	15	9.99	5.67	2.04	1.05	1.23
1	14	14	24	23.89	10.91	4.88	6.58	1.51
2	4	4	15	9.48	5.39	1.68	0.96	1.44
1	1	1	8	4.10	2.41	0.42	0.06	1.21
1	8	8	15	8.63	3.59	1.72	1.93	1.39
2	4	4	15	7.88	4.17	1.52	0.83	1.36
2	4	4	15	8.25	4.45	1.58	0.85	1.38
3	4	4	30	10.53	4.56	3.55	0.95	1.46
4	20	20	60	51.98	28.88	9.58	12.03	1.49
2	4	4	15	6.87	3.31	1.47	0.87	1.22
1	30	30	48	95.74	55.42	14.49	24.04	1.78
1	8	8	15	8.08	3.34	1.73	1.73	1.27
1	8	8	15	8.34	3.41	1.69	1.98	1.26
2	4	4	15	6.80	3.31	1.51	0.78	1.21
2	4	4	15	8.00	4.41	1.50	0.90	1.19
1	2	2	12	6.17	4.01	0.79	0.20	1.17
1	8	8	15	8.31	3.53	1.69	1.85	1.23
2	7	7	24	14.30	7.90	2.95	2.14	1.31
2	4	4	15	7.06	3.55	1.53	0.78	1.19
2	7	7	24	14.11	8.17	2.84	1.89	1.21
2	4	4	15	7.28	3.74	1.55	0.79	1.20
1	1	1	8	4.02	2.37	0.41	0.06	1.18
1	14	14	24	18.78	9.53	3.48	4.47	1.30
2	4	4	15	8.11	4.47	1.56	0.90	1.18
2	4	4	15	6.92	3.29	1.51	0.94	1.18
1	30	30	96	126.49	58.82	26.06	39.75	1.86
1	12	12	42	90.49	79.58	5.56	3.76	1.59
1	6	6	24	18.66	14.00	2.31	1.14	1.21
1	6	6	24	17.19	12.62	2.32	1.01	1.22
1	10	10	36	83.38	71.94	5.95	4.03	1.46
1	8	8	30	64.46	55.83	4.61	2.63	1.39
1	8	8	30	47.91	39.32	4.61	2.57	1.40
1	12	12	42	109.71	95.82	7.48	4.80	1.61
1	10	10	36	83.87	72.90	5.83	3.66	1.48
1	14	14	48	115.35	101.26	6.89	5.47	1.73
1	10	10	36	80.35	69.37	5.98	3.38	1.62
1	6	6	24	21.48	15.40	3.19	1.63	1.26
1	24	24	78	235.34	200.02	16.16	17.30	1.85
1	12	12	42	88.55	77.22	5.53	4.21	1.60
1	8	8	30	40.53	33.76	3.31	2.09	1.36
1	12	12	42	89.36	77.82	5.61	4.33	1.60
1	10	10	36	72.31	63.62	4.26	2.80	1.63
1	10	10	36	66.94	58.18	4.30	2.92	1.54
1	10	10	36	69.65	60.78	4.27	3.09	1.51
1	12	12	42	90.48	79.09	5.77	3.99	1.63
1	10	10	36	74.42	65.71	4.33	2.83	1.54
1	10	10	36	49.36	41.11	4.28	2.50	1.47
1	10	10	36	66.49	57.92	4.26	2.87	1.44
1	6	6	24	17.27	12.43	2.32	1.25	1.28
1	14	14	48	107.25	94.49	6.59	4.52	1.65
1	10	10	36	70.14	61.54	4.34	2.70	1.57
1	8	8	30	39.84	33.12	3.33	2.01	1.39
1	10	10	36	74.36	65.60	4.26	2.94	1.56
1	6	6	24	17.54	12.76	2.35	1.17	1.26
1	10	10	36	69.46	60.72	4.35	2.90	1.49
1	6	6	24	17.60	12.94	2.33	1.11	1.22
1	10	10	36	71.43	62.71	4.46	2.76	1.50
1	10	10	36	72.56	63.48	4.35	3.23	1.51
1	12	12	42	88.22	76.96	5.51	4.15	1.60
1	22	22	72	206.79	176.40	14.19	14.39	1.82
1	6	6	24	17.46	12.76	2.34	1.08	1.27
1	8	8	30	42.78	34.27	4.61	2.57	1.34
1	10	10	36	73.30	64.22	4.34	3.02	1.72
1	8	8	30	42.72	35.56	3.56	1.96	1.64
1	8	8	30	45.23	38.23	3.44	1.89	1.67
1	10	10	36	73.67	64.60	4.37	2.98	1.71
1	8	8	30	41.70	34.95	3.37	1.96	1.42
1	10	10	36	71.44	62.63	4.32	2.96	1.53
1	8	8	30	42.46	35.78	3.29	2.01	1.38
1	10	10	36	68.14	59.73	4.29	2.68	1.44
1	12	12	42	93.71	82.58	5.44	4.09	1.60
1	18	18	60	158.12	137.18	10.32	8.86	1.77
1	14	14	48	112.49	98.72	6.84	5.23	1.71
1	12	12	42	93.59	82.60	5.38	4.01	1.60
1	24	24	78	238.24	203.29	16.06	17.05	1.84
2	24	24	115	116.04	53.51	35.67	25.14	1.72
1	12	12	42	91.83	80.64	5.71	3.84	1.65
1	12	12	42	93.93	82.83	5.43	4.12	1.55
1	10	10	36	72.24	63.37	4.35	3.07	1.46
1	8	8	30	46.90	38.40	4.12	2.96	1.42
1	8	8	30	47.47	39.03	4.54	2.60	1.31
1	14	14	48	119.89	100.85	9.38	7.97	1.70
1	10	10	36	82.73	71.54	5.74	3.97	1.48
1	1	1	8	4.43	2.81	0.39	0.05	1.17
1	5	5	24	11.31	7.44	2.09	0.60	1.17
1	8	8	30	51.38	44.58	3.32	2.13	1.35
2	4	4	15	7.59	4.09	1.44	0.84	1.22
1	10	10	36	73.93	65.16	4.30	2.80	1.68
1	12	12	42	103.60	88.77	7.49	5.75	1.58
1	12	12	42	112.80	97.62	7.71	5.90	1.57
1	10	10	36	59.92	48.30	5.96	4.19	1.47
1	14	14	48	107.94	94.13	6.68	5.48	1.65
1	10	10	36	68.11	59.57	4.33	2.74	1.47
1	10	10	36	74.63	65.57	4.36	3.04	1.66
1	6	6	24	18.77	14.01	2.32	1.15	1.29
1	10	10	36	70.73	61.84	4.34	3.06	1.49
1	10	10	36	81.70	70.92	5.80	3.50	1.48
1	12	12	42	93.00	81.55	5.51	4.29	1.65
1	0	0	24	9.31	7.81	1.50	0.00	0.00
1	8	8	30	42.43	35.87	3.33	1.85	1.38
1	12	12	42	88.01	76.66	5.43	4.34	1.58
1	0	0	18	6.99	5.94	1.05	0.00	0.00
1	10	10	36	71.92	63.11	4.36	2.83	1.62
1	16	16	54	134.96	117.19	8.51	7.49	1.77
1	6	6	24	18.30	13.36	2.33	1.24	1.36
1	10	10	36	70.80	62.40	4.29	2.59	1.52
2	4	4	15	7.26	3.69	1.55	0.74	1.28
1	10	10	36	72.61	64.10	4.42	2.52	1.57
1	12	12	42	93.70	82.61	5.58	3.93	1.59
1	1	1	8	4.15	2.56	0.38	0.06	1.15
1	14	14	24	25.97	14.79	4.52	5.36	1.30
1	1	1	8	3.72	2.08	0.41	0.06	1.17
1	8	8	30	40.30	33.79	3.35	1.86	1.30
3	7	7	54	22.60	11.78	7.28	2.25	1.28
1	24	24	78	71.04	36.10	16.26	16.97	1.71
1	1	1	4	3.19	1.73	0.19	0.05	1.22
2	4	4	15	7.26	3.70	1.51	0.87	1.19
2	4	4	15	7.06	3.52	1.52	0.82	1.21
2	4	4	15	7.42	3.77	1.56	0.89	1.20
2	4	4	15	7.04	3.36	1.55	0.85	1.28
1	2	2	6	3.81	2.01	0.41	0.19	1.20
2	4	4	15	6.79	3.29	1.48	0.80	1.21
1	2	2	6	3.71	1.93	0.42	0.17	1.20
1	2	2	6	3.77	1.98	0.41	0.17	1.20
1	2	2	6	3.94	2.17	0.40	0.17	1.20
2	4	4	15	7.55	3.92	1.53	0.88	1.23
2	4	4	15	7.31	3.67	1.53	0.86	1.24
2	4	4	15	6.99	3.35	1.52	0.88	1.23
2	4	4	15	7.03	3.45	1.52	0.82	1.24
2	4	4	15	7.20	3.56	1.55	0.78	1.31
1	5	5	24	12.17	8.17	2.15	0.58	1.27
1	2	2	12	7.47	5.26	0.79	0.19	1.22
2	4	4	15	7.28	3.64	1.56	0.85	1.23
1	8	8	15	8.22	3.60	1.72	1.64	1.26
2	7	7	24	14.96	8.54	2.99	1.98	1.45
1	1	1	8	4.17	2.51	0.41	0.05	1.20
2	7	7	24	14.18	7.74	3.02	2.17	1.25
1	14	14	24	18.78	8.09	3.71	5.52	1.46
2	16	16	53	70.39	18.91	14.22	35.63	1.63
2	4	4	15	7.07	3.57	1.50	0.82	1.19
2	4	4	15	7.09	3.48	1.54	0.88	1.19
1	8	8	15	8.90	4.23	1.74	1.68	1.26
1	1	1	8	4.07	2.42	0.40	0.06	1.20
1	10	10	21	18.88	9.26	3.96	4.35	1.31
1	1	1	8	4.15	2.51	0.40	0.06	1.18
1	1	1	8	4.06	2.41	0.40	0.05	1.19
1	8	8	15	7.89	3.35	1.69	1.63	1.21
2	7	7	24	13.49	7.36	2.93	1.96	1.23
1	1	1	8	4.50	2.91	0.39	0.05	1.15
2	7	7	24	13.57	7.41	2.90	2.03	1.22
1	6	6	24	9.66	5.17	2.25	1.03	1.20
2	4	4	15	8.63	5.14	1.49	0.84	1.16
