NumberStatement	NumberMCI	NumberRRI	MCISolvingRoundAverage	TotalTimeAverage	MCILabelsTimeAverage	MCIOperationsTimeAverage	RRIOperationsTimeAverage	RRIILPSolvingTimeAverage
2	4	4	15	16.60	10.32	6.28	0.00	0.00
1	1	1	8	8.88	6.83	2.05	0.00	0.00
1	8	8	15	15.74	11.88	3.85	0.00	0.00
2	4	4	15	12.62	9.62	3.00	0.00	0.00
1	5	5	24	15.53	12.53	3.00	0.00	0.00
2	7	7	24	25.92	19.83	6.09	0.00	0.00
1	1	1	8	10.10	9.06	1.04	0.00	0.00
2	4	4	15	11.53	8.31	3.22	0.00	0.00
3	8	8	57	66.48	44.50	21.99	0.00	0.00
1	2	2	6	11.14	10.18	0.97	0.00	0.00
2	4	4	15	10.57	7.59	2.97	0.00	0.00
1	14	14	24	21.24	14.65	6.60	0.00	0.00
1	8	8	15	11.61	8.50	3.11	0.00	0.00
1	32	32	102	86.45	54.69	31.75	0.00	0.00
1	160	160	306	408.48	76.87	331.61	0.00	0.00
1	30	30	96	87.05	60.49	26.55	0.00	0.00
1	30	30	96	89.61	63.12	26.49	0.00	0.00
2	4	4	15	5.57	3.95	1.62	0.00	0.00
2	4	4	15	5.45	3.78	1.67	0.00	0.00
2	4	4	15	5.63	4.02	1.61	0.00	0.00
2	4	4	15	5.32	3.68	1.64	0.00	0.00
1	2	2	12	10.14	8.90	1.24	0.00	0.00
2	4	4	15	6.98	4.80	2.18	0.00	0.00
1	8	8	15	7.74	5.25	2.50	0.00	0.00
1	8	8	15	8.19	5.58	2.61	0.00	0.00
3	7	7	53	21.39	11.12	10.27	0.00	0.00
1	1	1	8	3.19	2.68	0.51	0.00	0.00
2	3	3	18	6.52	4.71	1.81	0.00	0.00
2	4	4	15	6.35	4.75	1.61	0.00	0.00
1	8	8	15	5.97	4.09	1.88	0.00	0.00
2	5	5	24	10.04	7.73	2.31	0.00	0.00
2	4	4	15	5.28	3.71	1.57	0.00	0.00
2	4	4	15	7.32	5.13	2.19	0.00	0.00
2	4	4	15	7.41	5.17	2.25	0.00	0.00
1	14	14	24	13.58	9.74	3.84	0.00	0.00
1	8	8	15	5.85	4.05	1.80	0.00	0.00
1	8	8	15	5.60	3.78	1.82	0.00	0.00
3	7	7	46	16.42	8.69	7.73	0.00	0.00
2	7	7	24	11.56	8.49	3.07	0.00	0.00
1	8	8	15	5.76	3.95	1.82	0.00	0.00
1	8	8	15	5.72	3.89	1.83	0.00	0.00
2	6	6	24	11.87	9.32	2.55	0.00	0.00
2	6	6	24	11.42	8.90	2.52	0.00	0.00
1	8	8	15	5.86	4.03	1.83	0.00	0.00
2	6	6	24	11.82	9.23	2.59	0.00	0.00
2	6	6	24	12.50	10.00	2.50	0.00	0.00
2	6	6	24	12.27	9.75	2.52	0.00	0.00
2	6	6	24	12.02	9.48	2.54	0.00	0.00
2	6	6	24	11.59	9.05	2.54	0.00	0.00
2	6	6	24	12.32	9.83	2.50	0.00	0.00
2	6	6	24	11.35	8.80	2.55	0.00	0.00
2	6	6	24	10.99	8.42	2.57	0.00	0.00
2	6	6	24	11.50	8.94	2.56	0.00	0.00
2	6	6	24	12.02	9.37	2.65	0.00	0.00
2	6	6	24	10.77	8.19	2.58	0.00	0.00
2	6	6	24	11.66	9.09	2.57	0.00	0.00
1	8	8	15	5.08	3.27	1.81	0.00	0.00
1	8	8	15	5.63	3.86	1.77	0.00	0.00
1	8	8	15	5.74	3.87	1.87	0.00	0.00
1	8	8	15	5.23	3.50	1.72	0.00	0.00
2	4	4	15	5.35	3.73	1.62	0.00	0.00
3	7	7	53	21.08	10.74	10.34	0.00	0.00
2	4	4	15	5.18	3.54	1.64	0.00	0.00
1	1	1	8	2.72	2.25	0.46	0.00	0.00
2	7	7	24	37.10	31.09	6.01	0.00	0.00
2	7	7	24	11.17	8.01	3.16	0.00	0.00
2	7	7	24	11.05	7.97	3.08	0.00	0.00
1	1	1	8	3.35	2.91	0.44	0.00	0.00
1	1	1	8	3.26	2.84	0.42	0.00	0.00
1	1	1	8	3.43	2.98	0.45	0.00	0.00
2	7	7	24	11.83	8.83	3.00	0.00	0.00
2	7	7	24	11.65	8.53	3.11	0.00	0.00
2	7	7	24	11.81	8.72	3.10	0.00	0.00
2	7	7	24	11.90	8.73	3.16	0.00	0.00
2	7	7	24	11.67	8.51	3.16	0.00	0.00
2	7	7	24	24.39	20.47	3.93	0.00	0.00
2	7	7	24	11.46	8.40	3.06	0.00	0.00
2	7	7	24	11.28	8.24	3.03	0.00	0.00
2	10	10	36	17.43	12.72	4.71	0.00	0.00
1	1	1	12	5.59	4.65	0.94	0.00	0.00
2	4	4	15	6.04	4.44	1.60	0.00	0.00
2	7	7	24	11.96	8.88	3.08	0.00	0.00
2	4	4	15	5.76	4.15	1.62	0.00	0.00
2	7	7	24	11.74	8.57	3.17	0.00	0.00
1	1	1	8	3.15	2.75	0.41	0.00	0.00
2	7	7	24	14.69	10.43	4.26	0.00	0.00
2	7	7	24	11.77	8.68	3.08	0.00	0.00
3	7	7	54	23.03	12.66	10.37	0.00	0.00
2	7	7	24	11.77	8.53	3.24	0.00	0.00
2	7	7	24	11.93	8.82	3.11	0.00	0.00
1	1	1	8	2.98	2.57	0.40	0.00	0.00
1	8	8	15	5.20	3.36	1.84	0.00	0.00
2	4	4	15	4.88	3.28	1.60	0.00	0.00
2	7	7	24	10.72	7.57	3.14	0.00	0.00
2	4	4	15	5.94	3.51	2.43	0.00	0.00
1	14	14	24	11.17	7.37	3.80	0.00	0.00
1	8	8	15	5.58	3.69	1.89	0.00	0.00
3	10	10	73	26.48	12.40	14.08	0.00	0.00
2	7	7	24	11.84	8.69	3.14	0.00	0.00
2	7	7	24	11.31	8.29	3.02	0.00	0.00
2	7	7	24	11.31	8.24	3.06	0.00	0.00
2	7	7	24	11.46	8.36	3.09	0.00	0.00
2	7	7	24	11.69	8.51	3.18	0.00	0.00
2	7	7	24	11.36	8.31	3.05	0.00	0.00
2	7	7	24	11.27	8.11	3.16	0.00	0.00
1	1	1	8	3.08	2.66	0.42	0.00	0.00
2	7	7	24	10.95	7.80	3.15	0.00	0.00
2	7	7	24	11.30	8.16	3.14	0.00	0.00
2	7	7	24	11.38	8.29	3.09	0.00	0.00
2	7	7	24	11.14	7.99	3.15	0.00	0.00
2	7	7	24	10.84	7.77	3.06	0.00	0.00
2	7	7	24	14.45	10.29	4.16	0.00	0.00
2	7	7	24	14.66	10.56	4.10	0.00	0.00
2	7	7	24	11.28	8.17	3.11	0.00	0.00
2	7	7	24	11.04	7.93	3.11	0.00	0.00
2	7	7	24	11.54	8.46	3.08	0.00	0.00
1	8	8	15	5.95	4.13	1.82	0.00	0.00
2	4	4	15	4.64	3.10	1.54	0.00	0.00
1	1	1	8	2.53	2.10	0.42	0.00	0.00
1	12	12	21	9.37	6.36	3.01	0.00	0.00
2	7	7	24	11.00	7.99	3.02	0.00	0.00
2	4	4	15	5.19	3.40	1.80	0.00	0.00
2	4	4	15	5.12	3.52	1.60	0.00	0.00
3	7	7	60	31.46	21.29	10.17	0.00	0.00
1	10	10	36	69.04	64.52	4.52	0.00	0.00
1	14	14	24	14.45	9.53	4.92	0.00	0.00
1	8	8	15	6.91	4.60	2.32	0.00	0.00
2	4	4	15	14.39	12.28	2.11	0.00	0.00
3	18	18	151	58.46	22.57	35.89	0.00	0.00
1	2	2	12	4.89	4.02	0.87	0.00	0.00
1	2	2	12	5.07	4.24	0.83	0.00	0.00
1	8	8	15	5.53	3.86	1.67	0.00	0.00
1	8	8	15	5.17	3.39	1.78	0.00	0.00
1	1	1	8	2.49	2.07	0.42	0.00	0.00
2	4	4	15	5.07	3.57	1.50	0.00	0.00
2	4	4	15	5.19	3.59	1.59	0.00	0.00
2	7	7	24	16.25	13.33	2.92	0.00	0.00
2	4	4	15	4.79	3.28	1.51	0.00	0.00
3	8	8	59	36.71	24.75	11.96	0.00	0.00
3	8	8	60	37.57	25.46	12.12	0.00	0.00
1	8	8	15	5.26	3.53	1.72	0.00	0.00
1	8	8	15	4.97	3.27	1.69	0.00	0.00
2	6	6	38	61.34	55.80	5.54	0.00	0.00
1	8	8	15	5.27	3.52	1.75	0.00	0.00
2	4	4	15	4.53	3.05	1.48	0.00	0.00
1	8	8	15	5.28	3.58	1.71	0.00	0.00
2	4	4	15	5.03	3.52	1.51	0.00	0.00
2	4	4	15	4.80	3.28	1.52	0.00	0.00
2	4	4	15	6.29	4.18	2.11	0.00	0.00
2	4	4	15	6.36	4.23	2.14	0.00	0.00
2	4	4	15	6.27	4.19	2.08	0.00	0.00
2	4	4	15	4.94	3.39	1.54	0.00	0.00
3	20	20	211	12028.76	9842.92	2185.84	0.00	0.00
2	4	4	15	4.92	3.38	1.55	0.00	0.00
1	8	8	15	5.10	3.33	1.77	0.00	0.00
2	4	4	15	5.21	3.69	1.52	0.00	0.00
2	4	4	15	4.55	3.08	1.47	0.00	0.00
2	4	4	15	4.65	3.10	1.55	0.00	0.00
2	4	4	15	4.66	3.14	1.52	0.00	0.00
1	8	8	15	5.30	3.62	1.67	0.00	0.00
2	4	4	15	4.91	3.37	1.54	0.00	0.00
2	4	4	15	4.85	3.28	1.57	0.00	0.00
2	4	4	15	4.74	3.20	1.54	0.00	0.00
2	4	4	15	4.67	3.13	1.54	0.00	0.00
2	4	4	15	4.84	3.34	1.51	0.00	0.00
2	4	4	15	4.78	3.27	1.51	0.00	0.00
2	4	4	15	4.83	3.31	1.52	0.00	0.00
2	4	4	15	4.86	3.34	1.52	0.00	0.00
2	4	4	15	4.96	3.42	1.54	0.00	0.00
2	4	4	15	4.74	3.20	1.54	0.00	0.00
2	4	4	15	5.01	3.49	1.52	0.00	0.00
1	8	8	15	5.00	3.28	1.72	0.00	0.00
2	4	4	15	4.68	3.10	1.58	0.00	0.00
1	2	2	12	4.73	3.92	0.81	0.00	0.00
2	4	4	15	5.00	3.52	1.48	0.00	0.00
5	8	8	105	55.62	25.43	30.19	0.00	0.00
1	8	8	15	5.32	3.63	1.70	0.00	0.00
3	9	9	41	15.63	9.51	6.13	0.00	0.00
4	9	9	40	22.96	14.45	8.51	0.00	0.00
2	7	7	24	11.81	8.80	3.01	0.00	0.00
2	4	4	15	7.68	6.07	1.61	0.00	0.00
2	4	4	15	5.34	3.79	1.55	0.00	0.00
4	6	6	28	12.39	7.66	4.73	0.00	0.00
2	4	4	15	5.14	3.63	1.51	0.00	0.00
1	6	6	24	8.53	6.15	2.38	0.00	0.00
2	4	4	15	5.07	3.54	1.53	0.00	0.00
2	4	4	15	5.03	3.47	1.56	0.00	0.00
3	36	36	110	109.50	62.66	46.84	0.00	0.00
3	12	12	50	46.44	36.77	9.67	0.00	0.00
2	30	30	121	101.85	61.05	40.80	0.00	0.00
2	4	4	15	5.60	4.09	1.52	0.00	0.00
1	14	14	24	11.98	8.35	3.63	0.00	0.00
1	14	14	24	11.03	7.38	3.65	0.00	0.00
1	14	14	24	13.53	9.84	3.69	0.00	0.00
1	14	14	24	13.75	10.03	3.73	0.00	0.00
1	14	14	24	14.88	11.19	3.70	0.00	0.00
1	14	14	24	14.08	10.37	3.71	0.00	0.00
1	14	14	24	13.41	9.63	3.78	0.00	0.00
1	14	14	24	14.84	11.21	3.63	0.00	0.00
1	8	8	15	4.89	3.13	1.76	0.00	0.00
1	8	8	15	4.75	3.02	1.73	0.00	0.00
4	1	1	190	109.00	68.93	40.07	0.00	0.00
2	4	4	15	5.11	3.59	1.52	0.00	0.00
2	4	4	15	5.04	3.53	1.51	0.00	0.00
3	3	3	31	15.78	11.81	3.97	0.00	0.00
2	4	4	15	5.53	3.97	1.56	0.00	0.00
2	7	7	24	11.33	8.31	3.02	0.00	0.00
1	12	12	21	9.76	6.84	2.92	0.00	0.00
2	4	4	15	5.03	3.47	1.57	0.00	0.00
1	14	14	24	11.70	8.04	3.66	0.00	0.00
2	4	4	15	5.69	4.09	1.60	0.00	0.00
2	4	4	15	5.37	3.75	1.61	0.00	0.00
2	30	30	91	86.68	58.89	27.79	0.00	0.00
2	4	4	15	5.12	3.59	1.54	0.00	0.00
2	4	4	15	5.11	3.60	1.51	0.00	0.00
2	4	4	15	5.24	3.67	1.57	0.00	0.00
1	10	10	36	67.07	62.66	4.42	0.00	0.00
1	1	1	8	3.15	2.75	0.40	0.00	0.00
2	4	4	15	6.64	4.78	1.86	0.00	0.00
2	4	4	15	4.88	3.34	1.54	0.00	0.00
1	8	8	15	4.82	3.12	1.70	0.00	0.00
6	19	19	342	219.40	87.51	131.89	0.00	0.00
1	12	12	42	14.43	8.68	5.75	0.00	0.00
1	14	14	24	11.49	7.74	3.75	0.00	0.00
1	1	1	8	2.72	2.34	0.39	0.00	0.00
2	4	4	15	5.00	3.48	1.52	0.00	0.00
2	4	4	15	5.26	3.69	1.57	0.00	0.00
2	4	4	15	5.41	3.87	1.54	0.00	0.00
2	4	4	15	5.11	3.57	1.54	0.00	0.00
2	4	4	15	5.02	3.49	1.53	0.00	0.00
2	4	4	15	4.84	3.31	1.53	0.00	0.00
1	5	5	24	9.87	7.73	2.14	0.00	0.00
1	8	8	15	5.66	3.89	1.77	0.00	0.00
1	8	8	15	5.23	3.46	1.78	0.00	0.00
1	24	24	78	54.03	37.52	16.51	0.00	0.00
1	30	30	96	86.07	60.59	25.48	0.00	0.00
3	32	32	102	87.64	54.51	33.13	0.00	0.00
2	4	4	15	4.65	3.12	1.53	0.00	0.00
2	4	4	15	4.76	3.17	1.59	0.00	0.00
2	12	12	39	14.50	8.28	6.22	0.00	0.00
1	5	5	24	11.24	9.09	2.15	0.00	0.00
1	8	8	15	5.03	3.32	1.72	0.00	0.00
2	4	4	15	5.45	3.96	1.50	0.00	0.00
2	4	4	15	4.95	3.40	1.55	0.00	0.00
1	8	8	15	5.00	3.31	1.69	0.00	0.00
1	14	14	24	11.35	7.73	3.62	0.00	0.00
3	7	7	60	20.38	10.76	9.62	0.00	0.00
2	4	4	15	5.48	3.98	1.49	0.00	0.00
1	0	0	6	9.19	8.87	0.33	0.00	0.00
1	1	1	8	14.65	14.24	0.41	0.00	0.00
2	4	4	15	14.99	13.42	1.57	0.00	0.00
2	2	2	45	11.00	5.49	5.51	0.00	0.00
1	3	3	19	8.24	6.48	1.76	0.00	0.00
2	7	7	24	10.59	7.58	3.01	0.00	0.00
3	7	7	36	15.78	9.69	6.09	0.00	0.00
4	9	9	49	25.03	14.93	10.10	0.00	0.00
2	4	4	15	4.98	3.44	1.54	0.00	0.00
2	4	4	15	5.04	3.48	1.55	0.00	0.00
2	4	4	15	5.19	3.70	1.49	0.00	0.00
1	6	6	24	9.13	6.76	2.37	0.00	0.00
1	6	6	24	9.77	7.44	2.33	0.00	0.00
2	4	4	15	4.81	3.27	1.54	0.00	0.00
2	7	7	24	10.84	7.86	2.98	0.00	0.00
1	6	6	24	8.56	6.17	2.39	0.00	0.00
2	4	4	15	5.07	3.51	1.56	0.00	0.00
1	14	14	24	11.22	7.49	3.73	0.00	0.00
8	8	8	30	21.54	17.63	3.91	0.00	0.00
2	4	4	15	5.12	3.59	1.53	0.00	0.00
1	8	8	15	6.47	4.76	1.72	0.00	0.00
2	4	4	15	5.10	3.55	1.55	0.00	0.00
2	4	4	15	4.65	3.15	1.50	0.00	0.00
2	7	7	24	11.29	8.12	3.17	0.00	0.00
1	8	8	15	6.94	5.18	1.75	0.00	0.00
2	7	7	24	11.85	8.91	2.93	0.00	0.00
1	5	5	24	9.51	7.39	2.13	0.00	0.00
2	4	4	15	5.34	3.84	1.51	0.00	0.00
1	14	14	24	11.04	7.36	3.69	0.00	0.00
4	7	7	72	27.46	13.78	13.68	0.00	0.00
2	7	7	24	10.38	7.32	3.06	0.00	0.00
2	4	4	15	5.26	3.73	1.53	0.00	0.00
2	7	7	24	10.55	7.54	3.01	0.00	0.00
2	7	7	24	10.82	7.86	2.95	0.00	0.00
1	8	8	15	5.44	3.72	1.72	0.00	0.00
2	4	4	15	5.24	3.69	1.55	0.00	0.00
1	1	1	8	2.98	2.58	0.40	0.00	0.00
2	4	4	15	6.76	5.20	1.57	0.00	0.00
1	4	4	36	14.41	10.58	3.83	0.00	0.00
2	4	4	15	5.16	3.66	1.51	0.00	0.00
1	1	1	4	2.51	2.33	0.19	0.00	0.00
1	12	12	42	79.87	74.15	5.72	0.00	0.00
3	7	7	62	20.55	10.20	10.35	0.00	0.00
3	7	7	45	18.17	11.46	6.71	0.00	0.00
2	7	7	24	11.03	8.09	2.95	0.00	0.00
3	8	8	58	36.14	24.67	11.47	0.00	0.00
2	4	4	15	4.69	3.19	1.50	0.00	0.00
2	4	4	15	4.65	3.13	1.51	0.00	0.00
2	4	4	15	4.54	3.04	1.51	0.00	0.00
2	4	4	15	4.57	3.04	1.53	0.00	0.00
1	8	8	15	5.14	3.45	1.69	0.00	0.00
2	4	4	15	6.03	4.47	1.56	0.00	0.00
2	4	4	15	4.89	3.32	1.57	0.00	0.00
1	6	6	12	4.80	3.58	1.22	0.00	0.00
1	3	3	16	7.26	6.05	1.20	0.00	0.00
1	1	1	8	3.13	2.75	0.38	0.00	0.00
2	4	4	15	5.00	3.45	1.55	0.00	0.00
2	4	4	15	5.68	4.14	1.54	0.00	0.00
2	15	15	47	23.93	13.10	10.83	0.00	0.00
1	2	2	12	5.13	4.34	0.79	0.00	0.00
1	2	2	6	2.30	1.86	0.44	0.00	0.00
1	1	1	4	1.76	1.54	0.22	0.00	0.00
1	8	8	15	5.36	3.62	1.74	0.00	0.00
2	4	4	15	5.35	3.77	1.58	0.00	0.00
1	1	1	8	2.54	2.13	0.41	0.00	0.00
1	8	8	15	5.21	3.48	1.73	0.00	0.00
2	4	4	15	4.77	3.26	1.51	0.00	0.00
2	4	4	15	4.75	3.19	1.56	0.00	0.00
2	4	4	15	4.56	3.05	1.51	0.00	0.00
2	1	1	8	3.14	2.74	0.39	0.00	0.00
1	8	8	15	5.29	3.58	1.72	0.00	0.00
1	8	8	15	5.20	3.52	1.68	0.00	0.00
2	7	7	24	13.17	9.17	4.00	0.00	0.00
1	28	28	90	67.70	45.82	21.88	0.00	0.00
1	10	10	36	13.26	8.75	4.51	0.00	0.00
2	6	6	36	62.71	57.49	5.21	0.00	0.00
1	0	0	40	20.98	17.88	3.10	0.00	0.00
2	7	7	24	10.32	7.27	3.05	0.00	0.00
2	12	12	24	11.45	7.83	3.62	0.00	0.00
2	4	4	15	4.96	3.44	1.52	0.00	0.00
4	8	8	63	30.91	18.03	12.88	0.00	0.00
2	4	4	15	5.24	3.70	1.55	0.00	0.00
2	4	4	15	5.55	4.02	1.53	0.00	0.00
2	7	7	24	12.43	9.49	2.94	0.00	0.00
3	4	4	60	26.71	17.78	8.93	0.00	0.00
1	8	8	30	39.45	36.01	3.44	0.00	0.00
2	14	14	41	16.82	9.44	7.37	0.00	0.00
2	4	4	15	4.61	3.05	1.56	0.00	0.00
1	14	14	24	11.13	7.45	3.67	0.00	0.00
2	7	7	24	10.53	7.57	2.96	0.00	0.00
1	6	6	28	10.44	7.07	3.37	0.00	0.00
2	7	7	24	11.07	8.10	2.97	0.00	0.00
1	8	8	15	4.93	3.21	1.72	0.00	0.00
1	80	80	189	122.24	5.85	116.38	0.00	0.00
1	1	1	8	2.78	2.38	0.40	0.00	0.00
2	7	7	24	11.06	8.11	2.95	0.00	0.00
2	4	4	15	5.91	4.34	1.57	0.00	0.00
2	4	4	15	7.78	3.76	4.01	0.00	0.00
3	23	23	150	86.11	49.45	36.66	0.00	0.00
3	22	22	54	44.21	30.01	14.21	0.00	0.00
1	14	14	24	11.78	8.15	3.63	0.00	0.00
1	5	5	24	9.41	7.23	2.18	0.00	0.00
2	9	9	63	12.86	3.06	9.80	0.00	0.00
1	2	2	12	6.32	5.47	0.85	0.00	0.00
1	14	14	24	11.77	8.00	3.78	0.00	0.00
2	4	4	15	5.19	3.60	1.58	0.00	0.00
2	4	4	15	6.02	4.46	1.57	0.00	0.00
1	14	14	24	12.28	8.74	3.54	0.00	0.00
2	4	4	15	6.10	4.54	1.56	0.00	0.00
1	1	1	8	2.68	2.22	0.45	0.00	0.00
1	8	8	15	5.26	3.46	1.80	0.00	0.00
2	4	4	15	5.55	3.99	1.56	0.00	0.00
2	4	4	15	5.83	4.23	1.60	0.00	0.00
3	4	4	30	7.88	4.29	3.60	0.00	0.00
4	20	20	60	39.36	29.22	10.14	0.00	0.00
2	4	4	15	4.83	3.15	1.68	0.00	0.00
1	30	30	48	72.37	57.33	15.04	0.00	0.00
1	8	8	15	5.19	3.48	1.71	0.00	0.00
1	8	8	15	5.01	3.29	1.72	0.00	0.00
2	4	4	15	4.92	3.33	1.59	0.00	0.00
2	4	4	15	7.53	5.48	2.05	0.00	0.00
1	2	2	12	6.25	5.06	1.19	0.00	0.00
1	8	8	15	6.98	4.64	2.34	0.00	0.00
2	7	7	24	10.81	7.86	2.94	0.00	0.00
2	4	4	15	4.94	3.44	1.50	0.00	0.00
2	7	7	24	11.44	8.31	3.13	0.00	0.00
2	4	4	15	5.32	3.76	1.56	0.00	0.00
1	1	1	8	2.76	2.29	0.47	0.00	0.00
1	14	14	24	17.00	12.10	4.90	0.00	0.00
2	4	4	15	7.97	5.89	2.08	0.00	0.00
2	4	4	15	6.42	4.29	2.13	0.00	0.00
1	30	30	96	85.36	60.59	24.77	0.00	0.00
1	12	12	42	87.74	82.08	5.66	0.00	0.00
1	6	6	24	16.29	13.87	2.42	0.00	0.00
1	6	6	24	15.76	13.44	2.32	0.00	0.00
1	10	10	36	72.72	68.32	4.40	0.00	0.00
1	8	8	30	51.90	48.48	3.42	0.00	0.00
1	8	8	30	39.45	36.07	3.39	0.00	0.00
1	12	12	42	83.96	78.32	5.64	0.00	0.00
1	10	10	36	81.04	75.04	6.00	0.00	0.00
1	14	14	48	126.12	116.61	9.51	0.00	0.00
1	10	10	36	62.56	58.12	4.45	0.00	0.00
1	6	6	24	14.95	12.60	2.35	0.00	0.00
1	24	24	78	219.94	203.39	16.56	0.00	0.00
1	12	12	42	82.55	76.90	5.65	0.00	0.00
1	8	8	30	38.02	34.58	3.44	0.00	0.00
1	12	12	42	85.15	79.43	5.72	0.00	0.00
1	10	10	36	66.97	62.53	4.44	0.00	0.00
1	10	10	36	76.35	70.30	6.06	0.00	0.00
1	10	10	36	67.42	63.00	4.43	0.00	0.00
1	12	12	42	98.86	93.07	5.79	0.00	0.00
1	10	10	36	79.40	74.97	4.43	0.00	0.00
1	10	10	36	54.54	48.48	6.05	0.00	0.00
1	10	10	36	63.09	58.69	4.40	0.00	0.00
1	6	6	24	14.82	12.55	2.28	0.00	0.00
1	14	14	48	102.69	95.78	6.91	0.00	0.00
1	10	10	36	78.22	71.97	6.26	0.00	0.00
1	8	8	30	37.35	33.92	3.43	0.00	0.00
1	10	10	36	68.64	64.14	4.50	0.00	0.00
1	6	6	24	15.11	12.80	2.31	0.00	0.00
1	10	10	36	66.31	61.88	4.42	0.00	0.00
1	6	6	24	15.57	13.15	2.42	0.00	0.00
1	10	10	36	68.84	64.30	4.54	0.00	0.00
1	10	10	36	68.26	63.84	4.42	0.00	0.00
1	12	12	42	84.83	79.02	5.81	0.00	0.00
1	22	22	72	192.42	178.13	14.29	0.00	0.00
1	6	6	24	15.42	13.01	2.40	0.00	0.00
1	8	8	30	37.79	34.42	3.37	0.00	0.00
1	10	10	36	67.97	63.39	4.58	0.00	0.00
1	8	8	30	37.28	33.92	3.36	0.00	0.00
1	8	8	30	39.82	36.49	3.34	0.00	0.00
1	10	10	36	66.24	61.83	4.41	0.00	0.00
1	8	8	30	39.44	35.99	3.44	0.00	0.00
1	10	10	36	67.88	63.30	4.58	0.00	0.00
1	8	8	30	39.90	36.40	3.51	0.00	0.00
1	10	10	36	67.05	62.52	4.53	0.00	0.00
1	12	12	42	89.29	83.49	5.80	0.00	0.00
1	18	18	60	149.71	139.11	10.59	0.00	0.00
1	14	14	48	106.12	99.21	6.91	0.00	0.00
1	12	12	42	90.96	85.11	5.85	0.00	0.00
1	24	24	78	231.21	209.24	21.97	0.00	0.00
2	24	24	115	73.22	45.69	27.53	0.00	0.00
1	12	12	42	83.32	77.50	5.82	0.00	0.00
1	12	12	42	105.53	98.06	7.47	0.00	0.00
1	10	10	36	70.35	65.89	4.47	0.00	0.00
1	8	8	30	54.86	50.26	4.60	0.00	0.00
1	8	8	30	40.15	36.76	3.38	0.00	0.00
1	14	14	48	96.48	89.74	6.74	0.00	0.00
1	10	10	36	67.40	62.95	4.45	0.00	0.00
1	1	1	8	3.04	2.64	0.40	0.00	0.00
1	5	5	24	9.80	7.65	2.14	0.00	0.00
1	8	8	30	41.82	38.44	3.38	0.00	0.00
2	4	4	15	5.88	4.31	1.57	0.00	0.00
1	10	10	36	67.44	62.98	4.47	0.00	0.00
1	12	12	42	84.82	79.03	5.79	0.00	0.00
1	12	12	42	92.72	87.09	5.63	0.00	0.00
1	10	10	36	47.25	42.76	4.49	0.00	0.00
1	14	14	48	104.65	97.70	6.95	0.00	0.00
1	10	10	36	65.88	61.43	4.45	0.00	0.00
1	10	10	36	69.38	64.89	4.49	0.00	0.00
1	6	6	24	18.74	14.13	4.61	0.00	0.00
1	10	10	36	67.01	62.52	4.49	0.00	0.00
1	10	10	36	69.11	64.49	4.62	0.00	0.00
1	12	12	42	89.05	83.37	5.68	0.00	0.00
1	0	0	24	9.40	7.84	1.56	0.00	0.00
1	8	8	30	40.01	36.54	3.47	0.00	0.00
1	12	12	42	84.95	79.13	5.82	0.00	0.00
1	0	0	18	7.28	6.14	1.13	0.00	0.00
1	10	10	36	68.12	63.61	4.51	0.00	0.00
1	16	16	54	127.89	119.18	8.72	0.00	0.00
1	6	6	24	15.73	13.36	2.37	0.00	0.00
1	10	10	36	69.32	64.78	4.54	0.00	0.00
2	4	4	15	7.53	5.98	1.55	0.00	0.00
1	10	10	36	70.01	65.64	4.38	0.00	0.00
1	12	12	42	91.27	85.54	5.73	0.00	0.00
1	1	1	8	2.82	2.43	0.39	0.00	0.00
1	14	14	24	12.11	8.52	3.59	0.00	0.00
1	1	1	8	2.33	1.94	0.39	0.00	0.00
1	8	8	30	37.86	34.43	3.42	0.00	0.00
3	7	7	54	19.47	11.81	7.66	0.00	0.00
1	24	24	78	55.35	38.98	16.37	0.00	0.00
1	1	1	4	1.74	1.56	0.18	0.00	0.00
2	4	4	15	5.06	3.53	1.52	0.00	0.00
2	4	4	15	4.86	3.35	1.50	0.00	0.00
2	4	4	15	5.08	3.58	1.51	0.00	0.00
2	4	4	15	4.72	3.23	1.49	0.00	0.00
1	2	2	6	2.33	1.93	0.40	0.00	0.00
2	4	4	15	4.65	3.08	1.56	0.00	0.00
1	2	2	6	2.22	1.78	0.44	0.00	0.00
1	2	2	6	2.28	1.89	0.39	0.00	0.00
1	2	2	6	2.41	1.98	0.43	0.00	0.00
2	4	4	15	5.23	3.72	1.51	0.00	0.00
2	4	4	15	5.10	3.57	1.52	0.00	0.00
2	4	4	15	4.80	3.25	1.56	0.00	0.00
2	4	4	15	4.83	3.30	1.54	0.00	0.00
2	4	4	15	4.78	3.28	1.50	0.00	0.00
1	5	5	24	9.92	7.82	2.10	0.00	0.00
1	2	2	12	5.95	5.12	0.83	0.00	0.00
2	4	4	15	5.00	3.43	1.57	0.00	0.00
1	8	8	15	5.15	3.45	1.70	0.00	0.00
2	7	7	24	11.24	8.25	2.99	0.00	0.00
1	1	1	8	2.87	2.47	0.40	0.00	0.00
2	7	7	24	10.72	7.72	3.01	0.00	0.00
1	14	14	24	11.35	7.71	3.64	0.00	0.00
2	16	16	53	34.01	19.39	14.61	0.00	0.00
2	4	4	15	4.93	3.42	1.51	0.00	0.00
2	4	4	15	4.91	3.34	1.56	0.00	0.00
1	8	8	15	5.52	3.76	1.77	0.00	0.00
1	1	1	8	2.73	2.34	0.40	0.00	0.00
1	10	10	21	13.34	9.31	4.03	0.00	0.00
1	1	1	8	2.87	2.47	0.39	0.00	0.00
1	1	1	8	2.74	2.35	0.40	0.00	0.00
1	8	8	15	5.06	3.28	1.78	0.00	0.00
2	7	7	24	10.47	7.48	2.98	0.00	0.00
1	1	1	8	3.25	2.86	0.39	0.00	0.00
2	7	7	24	10.37	7.37	3.01	0.00	0.00
1	6	6	24	7.77	5.36	2.41	0.00	0.00
2	4	4	15	6.55	4.98	1.56	0.00	0.00
