NumberStatement	NumberMCI	NumberRRI	MCISolvingRoundAverage	TotalTimeAverage	MCILabelsTimeAverage	MCIOperationsTimeAverage	RRIOperationsTimeAverage	RRIILPSolvingTimeAverage
2	4	4	15	16.89	14.64	2.25	0.00	0.00
1	1	1	8	10.37	9.55	0.82	0.00	0.00
1	8	8	15	14.96	13.60	1.36	0.00	0.00
2	4	4	15	11.46	10.24	1.22	0.00	0.00
1	5	5	24	15.94	14.46	1.48	0.00	0.00
2	7	7	24	17.22	15.66	1.56	0.00	0.00
1	1	1	8	9.72	9.24	0.48	0.00	0.00
2	4	4	15	7.43	6.42	1.02	0.00	0.00
3	8	8	57	38.80	35.13	3.67	0.00	0.00
1	2	2	6	8.28	7.94	0.34	0.00	0.00
2	4	4	15	6.81	6.03	0.78	0.00	0.00
1	14	14	24	12.53	11.36	1.17	0.00	0.00
1	8	8	15	7.47	6.74	0.73	0.00	0.00
1	32	32	102	54.11	49.82	4.29	0.00	0.00
1	160	160	306	84.52	70.80	13.72	0.00	0.00
1	30	30	96	59.25	55.78	3.47	0.00	0.00
1	30	30	96	60.99	57.40	3.58	0.00	0.00
2	4	4	15	4.36	3.83	0.54	0.00	0.00
2	4	4	15	5.22	4.60	0.62	0.00	0.00
2	4	4	15	5.58	4.95	0.63	0.00	0.00
2	4	4	15	5.39	4.75	0.64	0.00	0.00
1	2	2	12	8.97	8.13	0.84	0.00	0.00
2	4	4	15	4.18	3.66	0.53	0.00	0.00
1	8	8	15	4.53	4.00	0.53	0.00	0.00
1	8	8	15	4.43	3.89	0.54	0.00	0.00
3	7	7	53	12.57	10.44	2.13	0.00	0.00
1	1	1	8	3.02	2.71	0.32	0.00	0.00
2	3	3	18	5.14	4.46	0.68	0.00	0.00
2	4	4	15	5.14	4.55	0.59	0.00	0.00
1	8	8	15	4.36	3.79	0.58	0.00	0.00
2	5	5	24	8.40	7.49	0.91	0.00	0.00
2	4	4	15	4.28	3.75	0.53	0.00	0.00
2	4	4	15	4.30	3.77	0.53	0.00	0.00
2	4	4	15	4.54	4.02	0.52	0.00	0.00
1	14	14	24	10.65	9.70	0.95	0.00	0.00
1	8	8	15	6.70	5.20	1.50	0.00	0.00
1	8	8	15	5.28	4.68	0.60	0.00	0.00
3	7	7	46	9.38	7.77	1.61	0.00	0.00
2	7	7	24	8.28	7.49	0.79	0.00	0.00
1	8	8	15	4.43	3.90	0.52	0.00	0.00
1	8	8	15	6.43	5.73	0.70	0.00	0.00
2	6	6	24	9.29	8.47	0.82	0.00	0.00
2	6	6	24	9.09	8.28	0.80	0.00	0.00
1	8	8	15	4.29	3.78	0.51	0.00	0.00
2	6	6	24	9.44	8.61	0.82	0.00	0.00
2	6	6	24	9.88	9.08	0.80	0.00	0.00
2	6	6	24	9.92	9.09	0.82	0.00	0.00
2	6	6	24	9.47	8.66	0.80	0.00	0.00
2	6	6	24	11.45	10.52	0.93	0.00	0.00
2	6	6	24	16.25	15.27	0.99	0.00	0.00
2	6	6	24	8.85	8.07	0.78	0.00	0.00
2	6	6	24	10.27	8.16	2.11	0.00	0.00
2	6	6	24	8.70	7.93	0.78	0.00	0.00
2	6	6	24	9.35	8.58	0.77	0.00	0.00
2	6	6	24	8.30	7.52	0.78	0.00	0.00
2	6	6	24	10.83	8.89	1.94	0.00	0.00
1	8	8	15	3.62	3.14	0.48	0.00	0.00
1	8	8	15	5.20	4.63	0.57	0.00	0.00
1	8	8	15	5.39	4.81	0.58	0.00	0.00
1	8	8	15	7.35	6.50	0.85	0.00	0.00
2	4	4	15	12.64	11.19	1.44	0.00	0.00
3	7	7	53	14.90	12.71	2.19	0.00	0.00
2	4	4	15	4.98	4.39	0.59	0.00	0.00
1	1	1	8	3.28	2.98	0.30	0.00	0.00
2	7	7	24	10.16	9.25	0.91	0.00	0.00
2	7	7	24	8.05	7.28	0.77	0.00	0.00
2	7	7	24	8.30	7.45	0.85	0.00	0.00
1	1	1	8	2.96	2.69	0.27	0.00	0.00
1	1	1	8	2.91	2.69	0.23	0.00	0.00
1	1	1	8	3.04	2.80	0.24	0.00	0.00
2	7	7	24	9.08	8.31	0.77	0.00	0.00
2	7	7	24	8.89	8.11	0.78	0.00	0.00
2	7	7	24	12.25	11.45	0.80	0.00	0.00
2	7	7	24	8.57	7.78	0.78	0.00	0.00
2	7	7	24	8.60	7.83	0.77	0.00	0.00
2	7	7	24	8.86	8.09	0.77	0.00	0.00
2	7	7	24	8.53	7.74	0.78	0.00	0.00
2	7	7	24	8.45	7.69	0.77	0.00	0.00
2	10	10	36	13.08	11.85	1.23	0.00	0.00
1	1	1	12	4.85	4.45	0.39	0.00	0.00
2	4	4	15	4.59	4.10	0.49	0.00	0.00
2	7	7	24	8.60	7.82	0.77	0.00	0.00
2	4	4	15	4.69	4.17	0.53	0.00	0.00
2	7	7	24	8.65	7.96	0.70	0.00	0.00
1	1	1	8	2.84	2.59	0.25	0.00	0.00
2	7	7	24	8.58	7.81	0.77	0.00	0.00
2	7	7	24	8.97	8.18	0.79	0.00	0.00
3	7	7	54	17.43	14.90	2.54	0.00	0.00
2	7	7	24	10.82	9.90	0.92	0.00	0.00
2	7	7	24	8.97	8.21	0.76	0.00	0.00
1	1	1	8	2.73	2.48	0.25	0.00	0.00
1	8	8	15	3.69	3.22	0.47	0.00	0.00
2	4	4	15	3.58	3.11	0.47	0.00	0.00
2	7	7	24	7.85	7.10	0.75	0.00	0.00
2	4	4	15	6.84	6.04	0.80	0.00	0.00
1	14	14	24	7.58	6.82	0.76	0.00	0.00
1	8	8	15	3.90	3.41	0.49	0.00	0.00
3	10	10	73	14.00	11.41	2.59	0.00	0.00
2	7	7	24	8.91	8.15	0.77	0.00	0.00
2	7	7	24	8.51	7.75	0.76	0.00	0.00
2	7	7	24	8.40	7.64	0.75	0.00	0.00
2	7	7	24	8.55	7.81	0.74	0.00	0.00
2	7	7	24	12.75	11.66	1.09	0.00	0.00
2	7	7	24	8.49	7.73	0.77	0.00	0.00
2	7	7	24	8.24	7.46	0.78	0.00	0.00
1	1	1	8	2.50	2.28	0.21	0.00	0.00
2	7	7	24	7.97	7.20	0.77	0.00	0.00
2	7	7	24	8.11	7.36	0.75	0.00	0.00
2	7	7	24	8.31	7.55	0.76	0.00	0.00
2	7	7	24	7.86	7.12	0.74	0.00	0.00
2	7	7	24	8.13	7.37	0.77	0.00	0.00
2	7	7	24	8.48	7.69	0.80	0.00	0.00
2	7	7	24	8.67	7.89	0.77	0.00	0.00
2	7	7	24	8.52	7.73	0.79	0.00	0.00
2	7	7	24	8.10	7.38	0.72	0.00	0.00
2	7	7	24	8.60	7.81	0.79	0.00	0.00
1	8	8	15	4.37	3.90	0.47	0.00	0.00
2	4	4	15	3.51	3.03	0.48	0.00	0.00
1	1	1	8	2.21	1.98	0.23	0.00	0.00
1	12	12	21	9.85	9.07	0.77	0.00	0.00
2	7	7	24	8.05	7.29	0.77	0.00	0.00
2	4	4	15	3.73	3.22	0.51	0.00	0.00
2	4	4	15	3.72	3.25	0.47	0.00	0.00
3	7	7	60	21.76	19.79	1.98	0.00	0.00
1	10	10	36	60.02	58.95	1.07	0.00	0.00
1	14	14	24	7.62	6.87	0.75	0.00	0.00
1	8	8	15	3.77	3.30	0.47	0.00	0.00
2	4	4	15	10.20	9.75	0.45	0.00	0.00
3	18	18	151	25.67	20.14	5.53	0.00	0.00
1	2	2	12	4.36	3.97	0.39	0.00	0.00
1	2	2	12	4.46	4.07	0.39	0.00	0.00
1	8	8	15	4.28	3.84	0.43	0.00	0.00
1	8	8	15	3.75	3.28	0.47	0.00	0.00
1	1	1	8	2.26	2.04	0.22	0.00	0.00
2	4	4	15	3.89	3.40	0.49	0.00	0.00
2	4	4	15	3.97	3.47	0.50	0.00	0.00
2	7	7	24	13.14	12.33	0.80	0.00	0.00
2	4	4	15	3.51	3.02	0.49	0.00	0.00
3	8	8	59	24.96	22.81	2.15	0.00	0.00
3	8	8	60	24.79	22.58	2.21	0.00	0.00
1	8	8	15	3.80	3.30	0.50	0.00	0.00
1	8	8	15	3.60	3.11	0.49	0.00	0.00
2	6	6	38	52.23	50.87	1.36	0.00	0.00
1	8	8	15	3.79	3.32	0.47	0.00	0.00
2	4	4	15	3.50	3.02	0.48	0.00	0.00
1	8	8	15	3.94	3.47	0.47	0.00	0.00
2	4	4	15	3.77	3.30	0.47	0.00	0.00
2	4	4	15	3.64	3.17	0.47	0.00	0.00
2	4	4	15	3.57	3.07	0.49	0.00	0.00
2	4	4	15	3.49	3.00	0.49	0.00	0.00
2	4	4	15	3.47	3.04	0.43	0.00	0.00
2	4	4	15	3.62	3.19	0.43	0.00	0.00
3	20	20	211	8365.18	8254.41	110.78	0.00	0.00
2	4	4	15	4.02	3.35	0.67	0.00	0.00
1	8	8	15	3.92	3.23	0.68	0.00	0.00
2	4	4	15	7.48	6.40	1.08	0.00	0.00
2	4	4	15	3.42	2.94	0.48	0.00	0.00
2	4	4	15	3.39	2.92	0.47	0.00	0.00
2	4	4	15	3.44	2.96	0.47	0.00	0.00
1	8	8	15	3.83	3.35	0.48	0.00	0.00
2	4	4	15	3.60	3.11	0.49	0.00	0.00
2	4	4	15	3.59	3.10	0.48	0.00	0.00
2	4	4	15	3.53	3.06	0.47	0.00	0.00
2	4	4	15	3.51	3.02	0.49	0.00	0.00
2	4	4	15	3.65	3.16	0.49	0.00	0.00
2	4	4	15	3.59	3.10	0.49	0.00	0.00
2	4	4	15	3.52	3.02	0.49	0.00	0.00
2	4	4	15	3.63	3.13	0.50	0.00	0.00
2	4	4	15	3.52	3.06	0.47	0.00	0.00
2	4	4	15	3.55	3.07	0.48	0.00	0.00
2	4	4	15	3.82	3.34	0.48	0.00	0.00
1	8	8	15	3.54	3.07	0.47	0.00	0.00
2	4	4	15	3.49	3.00	0.49	0.00	0.00
1	2	2	12	4.26	3.89	0.38	0.00	0.00
2	4	4	15	3.85	3.37	0.47	0.00	0.00
5	8	8	105	27.89	23.47	4.42	0.00	0.00
1	8	8	15	3.81	3.32	0.48	0.00	0.00
3	9	9	41	10.23	8.80	1.43	0.00	0.00
4	9	9	40	14.68	13.01	1.67	0.00	0.00
2	7	7	24	8.64	7.95	0.69	0.00	0.00
2	4	4	15	4.04	3.56	0.48	0.00	0.00
2	4	4	15	4.12	3.65	0.47	0.00	0.00
4	6	6	28	7.95	6.84	1.11	0.00	0.00
2	4	4	15	3.82	3.34	0.48	0.00	0.00
1	6	6	24	6.51	5.75	0.76	0.00	0.00
2	4	4	15	3.74	3.25	0.50	0.00	0.00
2	4	4	15	3.83	3.35	0.48	0.00	0.00
3	36	36	110	62.21	57.53	4.68	0.00	0.00
3	12	12	50	42.54	40.53	2.01	0.00	0.00
2	30	30	121	59.86	55.34	4.52	0.00	0.00
2	4	4	15	4.30	3.83	0.47	0.00	0.00
1	14	14	24	8.57	7.81	0.76	0.00	0.00
1	14	14	24	7.59	6.79	0.79	0.00	0.00
1	14	14	24	9.98	9.23	0.75	0.00	0.00
1	14	14	24	9.85	9.10	0.76	0.00	0.00
1	14	14	24	10.82	10.04	0.78	0.00	0.00
1	14	14	24	10.91	10.26	0.65	0.00	0.00
1	14	14	24	9.39	8.73	0.65	0.00	0.00
1	14	14	24	11.32	10.64	0.68	0.00	0.00
1	8	8	15	5.35	4.62	0.73	0.00	0.00
1	8	8	15	3.91	3.41	0.50	0.00	0.00
4	1	1	190	70.35	62.09	8.26	0.00	0.00
2	4	4	15	3.85	3.33	0.52	0.00	0.00
2	4	4	15	7.33	6.44	0.89	0.00	0.00
3	3	3	31	11.81	10.75	1.06	0.00	0.00
2	4	4	15	4.27	3.77	0.50	0.00	0.00
2	7	7	24	8.40	7.63	0.76	0.00	0.00
1	12	12	21	6.69	6.04	0.65	0.00	0.00
2	4	4	15	3.78	3.31	0.47	0.00	0.00
1	14	14	24	7.80	7.09	0.71	0.00	0.00
2	4	4	15	4.31	3.83	0.47	0.00	0.00
2	4	4	15	4.13	3.65	0.48	0.00	0.00
2	30	30	91	57.78	54.27	3.51	0.00	0.00
2	4	4	15	3.79	3.33	0.46	0.00	0.00
2	4	4	15	3.81	3.34	0.47	0.00	0.00
2	4	4	15	4.12	3.64	0.48	0.00	0.00
1	10	10	36	59.47	58.27	1.20	0.00	0.00
1	1	1	8	2.74	2.53	0.21	0.00	0.00
2	4	4	15	4.03	3.56	0.47	0.00	0.00
2	4	4	15	3.51	3.04	0.47	0.00	0.00
1	8	8	15	7.91	7.13	0.78	0.00	0.00
6	19	19	342	102.25	84.14	18.10	0.00	0.00
1	12	12	42	9.24	7.89	1.34	0.00	0.00
1	14	14	24	7.55	6.80	0.75	0.00	0.00
1	1	1	8	2.41	2.19	0.22	0.00	0.00
2	4	4	15	3.75	3.26	0.49	0.00	0.00
2	4	4	15	3.77	3.30	0.47	0.00	0.00
2	4	4	15	4.10	3.62	0.48	0.00	0.00
2	4	4	15	3.92	3.43	0.48	0.00	0.00
2	4	4	15	3.84	3.36	0.48	0.00	0.00
2	4	4	15	3.75	3.26	0.49	0.00	0.00
1	5	5	24	8.06	7.28	0.78	0.00	0.00
1	8	8	15	4.27	3.79	0.48	0.00	0.00
1	8	8	15	3.83	3.36	0.47	0.00	0.00
1	24	24	78	36.58	33.77	2.81	0.00	0.00
1	30	30	96	57.65	54.21	3.44	0.00	0.00
3	32	32	102	51.23	47.18	4.06	0.00	0.00
2	4	4	15	3.54	3.05	0.49	0.00	0.00
2	4	4	15	3.50	3.03	0.47	0.00	0.00
2	12	12	39	8.81	7.46	1.35	0.00	0.00
1	5	5	24	9.09	8.31	0.78	0.00	0.00
1	8	8	15	3.59	3.09	0.50	0.00	0.00
2	4	4	15	4.10	3.60	0.50	0.00	0.00
2	4	4	15	3.72	3.21	0.50	0.00	0.00
1	8	8	15	9.25	8.27	0.98	0.00	0.00
1	14	14	24	7.89	7.11	0.77	0.00	0.00
3	7	7	60	14.67	12.28	2.38	0.00	0.00
2	4	4	15	5.63	5.05	0.57	0.00	0.00
1	0	0	6	10.51	10.26	0.25	0.00	0.00
1	1	1	8	11.14	10.92	0.22	0.00	0.00
2	4	4	15	12.72	12.25	0.47	0.00	0.00
2	2	2	45	7.03	5.19	1.85	0.00	0.00
1	3	3	19	6.64	6.01	0.63	0.00	0.00
2	7	7	24	7.81	7.04	0.77	0.00	0.00
3	7	7	36	10.31	8.97	1.34	0.00	0.00
4	9	9	49	15.62	13.75	1.86	0.00	0.00
2	4	4	15	3.72	3.23	0.49	0.00	0.00
2	4	4	15	3.66	3.20	0.46	0.00	0.00
2	4	4	15	3.92	3.46	0.46	0.00	0.00
1	6	6	24	7.04	6.27	0.78	0.00	0.00
1	6	6	24	7.47	6.71	0.76	0.00	0.00
2	4	4	15	3.57	3.10	0.47	0.00	0.00
2	7	7	24	8.04	7.27	0.77	0.00	0.00
1	6	6	24	6.40	5.63	0.77	0.00	0.00
2	4	4	15	3.86	3.39	0.47	0.00	0.00
1	14	14	24	7.71	6.98	0.72	0.00	0.00
8	8	8	30	17.06	16.00	1.05	0.00	0.00
2	4	4	15	3.93	3.46	0.47	0.00	0.00
1	8	8	15	4.89	4.43	0.47	0.00	0.00
2	4	4	15	3.67	3.23	0.44	0.00	0.00
2	4	4	15	3.50	3.04	0.46	0.00	0.00
2	7	7	24	8.09	7.32	0.77	0.00	0.00
1	8	8	15	5.27	4.80	0.48	0.00	0.00
2	7	7	24	8.92	8.14	0.78	0.00	0.00
1	5	5	24	7.70	6.88	0.83	0.00	0.00
2	4	4	15	5.07	4.52	0.55	0.00	0.00
1	14	14	24	7.62	6.86	0.77	0.00	0.00
4	7	7	72	19.77	12.79	6.98	0.00	0.00
2	7	7	24	7.51	6.74	0.77	0.00	0.00
2	4	4	15	4.01	3.53	0.48	0.00	0.00
2	7	7	24	7.70	6.92	0.78	0.00	0.00
2	7	7	24	8.04	7.27	0.77	0.00	0.00
1	8	8	15	3.95	3.47	0.48	0.00	0.00
2	4	4	15	4.04	3.57	0.47	0.00	0.00
1	1	1	8	2.56	2.35	0.22	0.00	0.00
2	4	4	15	5.35	4.87	0.49	0.00	0.00
1	4	4	36	11.33	9.90	1.43	0.00	0.00
2	4	4	15	3.85	3.37	0.48	0.00	0.00
1	1	1	4	2.29	2.18	0.12	0.00	0.00
1	12	12	42	72.02	70.62	1.40	0.00	0.00
3	7	7	62	11.16	9.09	2.06	0.00	0.00
3	7	7	45	11.93	10.38	1.54	0.00	0.00
2	7	7	24	8.32	7.53	0.79	0.00	0.00
3	8	8	58	24.22	21.99	2.23	0.00	0.00
2	4	4	15	3.41	2.96	0.45	0.00	0.00
2	4	4	15	3.45	2.97	0.48	0.00	0.00
2	4	4	15	3.34	2.86	0.48	0.00	0.00
2	4	4	15	3.38	2.91	0.48	0.00	0.00
1	8	8	15	3.74	3.27	0.47	0.00	0.00
2	4	4	15	4.55	4.09	0.47	0.00	0.00
2	4	4	15	3.60	3.14	0.47	0.00	0.00
1	6	6	12	3.76	3.39	0.37	0.00	0.00
1	3	3	16	5.90	5.40	0.50	0.00	0.00
1	1	1	8	2.71	2.50	0.22	0.00	0.00
2	4	4	15	3.65	3.17	0.48	0.00	0.00
2	4	4	15	4.43	3.96	0.47	0.00	0.00
2	15	15	47	13.30	11.51	1.79	0.00	0.00
1	2	2	12	4.52	4.13	0.39	0.00	0.00
1	2	2	6	2.01	1.83	0.19	0.00	0.00
1	1	1	4	1.62	1.49	0.13	0.00	0.00
1	8	8	15	3.75	3.29	0.47	0.00	0.00
2	4	4	15	3.99	3.51	0.48	0.00	0.00
1	1	1	8	2.23	1.99	0.24	0.00	0.00
1	8	8	15	3.75	3.27	0.48	0.00	0.00
2	4	4	15	3.51	3.03	0.48	0.00	0.00
2	4	4	15	3.56	3.08	0.48	0.00	0.00
2	4	4	15	3.36	2.89	0.47	0.00	0.00
2	1	1	8	2.86	2.64	0.22	0.00	0.00
1	8	8	15	3.78	3.28	0.50	0.00	0.00
1	8	8	15	3.68	3.21	0.47	0.00	0.00
2	7	7	24	7.50	6.74	0.76	0.00	0.00
1	28	28	90	46.32	43.01	3.30	0.00	0.00
1	10	10	36	9.34	8.12	1.22	0.00	0.00
2	6	6	36	53.95	52.66	1.29	0.00	0.00
1	0	0	40	18.20	16.60	1.60	0.00	0.00
2	7	7	24	7.46	6.72	0.74	0.00	0.00
2	12	12	24	7.79	7.02	0.77	0.00	0.00
2	4	4	15	3.73	3.24	0.49	0.00	0.00
4	8	8	63	18.52	16.10	2.43	0.00	0.00
2	4	4	15	4.07	3.59	0.48	0.00	0.00
2	4	4	15	4.28	3.81	0.47	0.00	0.00
2	7	7	24	9.05	8.31	0.74	0.00	0.00
3	4	4	60	17.96	16.05	1.91	0.00	0.00
1	8	8	30	34.06	33.08	0.98	0.00	0.00
2	14	14	41	9.90	8.38	1.52	0.00	0.00
2	4	4	15	3.32	2.83	0.49	0.00	0.00
1	14	14	24	7.45	6.68	0.77	0.00	0.00
2	7	7	24	7.55	6.81	0.75	0.00	0.00
1	6	6	28	7.46	6.49	0.97	0.00	0.00
2	7	7	24	8.11	7.36	0.76	0.00	0.00
1	8	8	15	3.55	3.08	0.47	0.00	0.00
1	80	80	189	13.83	4.58	9.25	0.00	0.00
1	1	1	8	2.52	2.29	0.23	0.00	0.00
2	7	7	24	8.07	7.30	0.77	0.00	0.00
2	4	4	15	4.46	3.99	0.47	0.00	0.00
2	4	4	15	3.91	3.44	0.47	0.00	0.00
3	23	23	150	50.07	44.85	5.23	0.00	0.00
3	22	22	54	29.31	27.23	2.08	0.00	0.00
1	14	14	24	8.28	7.53	0.75	0.00	0.00
1	5	5	24	7.32	6.54	0.77	0.00	0.00
2	9	9	63	5.22	2.75	2.47	0.00	0.00
1	2	2	12	5.61	5.23	0.38	0.00	0.00
1	14	14	24	7.68	6.97	0.71	0.00	0.00
2	4	4	15	3.82	3.35	0.47	0.00	0.00
2	4	4	15	4.72	4.24	0.48	0.00	0.00
1	14	14	24	8.75	8.00	0.75	0.00	0.00
2	4	4	15	4.70	4.23	0.47	0.00	0.00
1	1	1	8	2.40	2.16	0.23	0.00	0.00
1	8	8	15	3.69	3.21	0.49	0.00	0.00
2	4	4	15	4.28	3.77	0.51	0.00	0.00
2	4	4	15	4.39	3.91	0.48	0.00	0.00
3	4	4	30	4.86	3.83	1.04	0.00	0.00
4	20	20	60	28.23	26.08	2.15	0.00	0.00
2	4	4	15	3.37	2.90	0.46	0.00	0.00
1	30	30	48	54.12	52.46	1.66	0.00	0.00
1	8	8	15	3.90	3.42	0.48	0.00	0.00
1	8	8	15	3.53	3.04	0.49	0.00	0.00
2	4	4	15	3.58	3.09	0.49	0.00	0.00
2	4	4	15	4.40	3.93	0.47	0.00	0.00
1	2	2	12	4.07	3.68	0.38	0.00	0.00
1	8	8	15	3.65	3.18	0.47	0.00	0.00
2	7	7	24	7.72	6.95	0.77	0.00	0.00
2	4	4	15	3.71	3.22	0.49	0.00	0.00
2	7	7	24	8.42	7.65	0.77	0.00	0.00
2	4	4	15	3.86	3.39	0.47	0.00	0.00
1	1	1	8	2.49	2.27	0.22	0.00	0.00
1	14	14	24	9.42	8.65	0.77	0.00	0.00
2	4	4	15	4.87	4.23	0.64	0.00	0.00
2	4	4	15	3.49	3.02	0.47	0.00	0.00
1	30	30	96	57.90	54.38	3.53	0.00	0.00
1	12	12	42	77.63	76.16	1.46	0.00	0.00
1	6	6	24	13.89	12.92	0.97	0.00	0.00
1	6	6	24	12.56	11.80	0.77	0.00	0.00
1	10	10	36	60.18	59.08	1.10	0.00	0.00
1	8	8	30	46.12	45.21	0.91	0.00	0.00
1	8	8	30	32.34	31.34	1.00	0.00	0.00
1	12	12	42	74.25	72.81	1.44	0.00	0.00
1	10	10	36	62.07	60.81	1.25	0.00	0.00
1	14	14	48	94.40	92.75	1.65	0.00	0.00
1	10	10	36	55.59	54.43	1.16	0.00	0.00
1	6	6	24	12.60	11.78	0.82	0.00	0.00
1	24	24	78	182.67	179.95	2.73	0.00	0.00
1	12	12	42	70.96	69.59	1.36	0.00	0.00
1	8	8	30	33.04	32.09	0.95	0.00	0.00
1	12	12	42	73.13	71.77	1.36	0.00	0.00
1	10	10	36	57.97	56.82	1.15	0.00	0.00
1	10	10	36	54.70	53.62	1.08	0.00	0.00
1	10	10	36	57.06	55.85	1.21	0.00	0.00
1	12	12	42	74.50	73.08	1.42	0.00	0.00
1	10	10	36	61.89	60.74	1.15	0.00	0.00
1	10	10	36	38.35	37.15	1.20	0.00	0.00
1	10	10	36	55.04	53.83	1.21	0.00	0.00
1	6	6	24	12.67	11.90	0.76	0.00	0.00
1	14	14	48	88.85	87.21	1.64	0.00	0.00
1	10	10	36	62.76	61.45	1.30	0.00	0.00
1	8	8	30	31.58	30.63	0.96	0.00	0.00
1	10	10	36	57.63	56.43	1.20	0.00	0.00
1	6	6	24	12.58	11.83	0.75	0.00	0.00
1	10	10	36	56.36	55.21	1.16	0.00	0.00
1	6	6	24	12.57	11.81	0.76	0.00	0.00
1	10	10	36	58.35	57.19	1.15	0.00	0.00
1	10	10	36	58.47	57.33	1.14	0.00	0.00
1	12	12	42	73.74	72.28	1.45	0.00	0.00
1	22	22	72	163.60	161.05	2.55	0.00	0.00
1	6	6	24	12.60	11.80	0.80	0.00	0.00
1	8	8	30	32.42	31.45	0.98	0.00	0.00
1	10	10	36	57.95	56.79	1.16	0.00	0.00
1	8	8	30	31.38	30.29	1.09	0.00	0.00
1	8	8	30	34.21	33.24	0.97	0.00	0.00
1	10	10	36	56.95	55.76	1.19	0.00	0.00
1	8	8	30	33.34	32.34	0.99	0.00	0.00
1	10	10	36	60.30	59.06	1.25	0.00	0.00
1	8	8	30	34.00	33.02	0.97	0.00	0.00
1	10	10	36	55.23	53.99	1.24	0.00	0.00
1	12	12	42	77.56	76.11	1.45	0.00	0.00
1	18	18	60	128.51	126.39	2.12	0.00	0.00
1	14	14	48	92.85	91.25	1.60	0.00	0.00
1	12	12	42	77.35	75.98	1.36	0.00	0.00
1	24	24	78	213.81	210.32	3.49	0.00	0.00
2	24	24	115	46.07	41.88	4.19	0.00	0.00
1	12	12	42	72.32	70.98	1.34	0.00	0.00
1	12	12	42	78.95	77.51	1.44	0.00	0.00
1	10	10	36	61.43	60.21	1.23	0.00	0.00
1	8	8	30	42.45	41.30	1.15	0.00	0.00
1	8	8	30	32.47	31.48	1.00	0.00	0.00
1	14	14	48	82.92	81.36	1.56	0.00	0.00
1	10	10	36	60.42	59.30	1.12	0.00	0.00
1	1	1	8	2.79	2.57	0.22	0.00	0.00
1	5	5	24	7.73	6.95	0.78	0.00	0.00
1	8	8	30	37.08	36.06	1.01	0.00	0.00
2	4	4	15	45235.13	45233.66	1.47	0.00	0.00
1	10	10	36	58.96	57.86	1.11	0.00	0.00
1	12	12	42	73.35	71.90	1.45	0.00	0.00
1	12	12	42	80.38	79.01	1.36	0.00	0.00
1	10	10	36	40.05	38.83	1.22	0.00	0.00
1	14	14	48	90.85	89.20	1.65	0.00	0.00
1	10	10	36	57.51	56.41	1.10	0.00	0.00
1	10	10	36	62.26	61.08	1.18	0.00	0.00
1	6	6	24	14.06	13.26	0.80	0.00	0.00
1	10	10	36	58.58	57.37	1.21	0.00	0.00
1	10	10	36	61.72	60.54	1.18	0.00	0.00
1	12	12	42	76.99	75.60	1.39	0.00	0.00
1	0	0	24	8.39	7.50	0.89	0.00	0.00
1	8	8	30	34.93	33.87	1.05	0.00	0.00
1	12	12	42	73.20	71.73	1.47	0.00	0.00
1	0	0	18	6.38	5.80	0.58	0.00	0.00
1	10	10	36	58.78	57.56	1.22	0.00	0.00
1	16	16	54	108.81	106.94	1.88	0.00	0.00
1	6	6	24	13.01	12.05	0.96	0.00	0.00
1	10	10	36	60.13	58.83	1.30	0.00	0.00
2	4	4	15	4.12	3.55	0.57	0.00	0.00
1	10	10	36	60.55	59.28	1.27	0.00	0.00
1	12	12	42	79.02	77.65	1.37	0.00	0.00
1	1	1	8	2.54	2.31	0.23	0.00	0.00
1	14	14	24	8.48	7.71	0.77	0.00	0.00
1	1	1	8	2.07	1.85	0.22	0.00	0.00
1	8	8	30	32.94	31.85	1.09	0.00	0.00
3	7	7	54	12.60	10.72	1.88	0.00	0.00
1	24	24	78	35.78	32.88	2.90	0.00	0.00
1	1	1	4	1.73	1.61	0.12	0.00	0.00
2	4	4	15	3.71	3.23	0.49	0.00	0.00
2	4	4	15	3.79	3.32	0.47	0.00	0.00
2	4	4	15	3.92	3.44	0.48	0.00	0.00
2	4	4	15	3.54	3.04	0.50	0.00	0.00
1	2	2	6	2.14	1.95	0.19	0.00	0.00
2	4	4	15	3.44	2.97	0.47	0.00	0.00
1	2	2	6	2.07	1.87	0.19	0.00	0.00
1	2	2	6	2.09	1.89	0.19	0.00	0.00
1	2	2	6	2.16	1.95	0.21	0.00	0.00
2	4	4	15	4.07	3.61	0.47	0.00	0.00
2	4	4	15	3.79	3.32	0.48	0.00	0.00
2	4	4	15	3.65	3.08	0.57	0.00	0.00
2	4	4	15	3.69	3.11	0.58	0.00	0.00
2	4	4	15	3.83	3.26	0.56	0.00	0.00
1	5	5	24	8.46	7.57	0.89	0.00	0.00
1	2	2	12	9.59	8.95	0.64	0.00	0.00
2	4	4	15	4.00	3.41	0.59	0.00	0.00
1	8	8	15	3.86	3.31	0.55	0.00	0.00
2	7	7	24	8.44	7.61	0.83	0.00	0.00
1	1	1	8	2.50	2.23	0.27	0.00	0.00
2	7	7	24	7.80	7.04	0.77	0.00	0.00
1	14	14	24	7.68	6.93	0.76	0.00	0.00
2	16	16	53	19.61	17.26	2.35	0.00	0.00
2	4	4	15	3.92	3.45	0.48	0.00	0.00
2	4	4	15	3.55	3.08	0.48	0.00	0.00
1	8	8	15	4.17	3.61	0.56	0.00	0.00
1	1	1	8	2.49	2.24	0.25	0.00	0.00
1	10	10	21	9.39	8.52	0.87	0.00	0.00
1	1	1	8	2.58	2.35	0.22	0.00	0.00
1	1	1	8	2.38	2.16	0.22	0.00	0.00
1	8	8	15	3.87	3.29	0.58	0.00	0.00
2	7	7	24	7.38	6.60	0.79	0.00	0.00
1	1	1	8	3.01	2.78	0.22	0.00	0.00
2	7	7	24	7.62	6.77	0.85	0.00	0.00
1	6	6	24	5.61	4.84	0.77	0.00	0.00
2	4	4	15	4.90	4.43	0.47	0.00	0.00
