NumberStatement	NumberMCI	NumberRRI	MCISolvingRoundAverage	TotalTimeAverage	MCILabelsTimeAverage	MCIOperationsTimeAverage	RRIOperationsTimeAverage	RRIILPSolvingTimeAverage
2	4	4	15	28.51	21.56	3.78	0.87	2.30
1	1	1	8	11.93	9.09	1.04	0.36	1.45
1	8	8	15	13.75	10.49	1.06	0.43	1.77
2	4	4	15	14.07	10.81	1.18	0.28	1.80
1	5	5	24	20.66	16.97	1.62	0.25	1.82
2	7	7	24	22.89	18.90	1.66	0.31	2.02
1	1	1	8	12.53	9.98	0.59	0.14	1.82
2	4	4	15	11.30	8.26	1.04	0.18	1.81
3	8	8	57	43.58	37.69	3.70	0.36	1.82
1	2	2	6	10.54	8.55	0.43	0.13	1.44
2	4	4	15	9.23	6.77	0.88	0.16	1.42
1	14	14	24	16.02	12.77	1.30	0.33	1.63
1	8	8	15	14.44	8.07	1.97	0.60	3.80
1	32	32	102	62.13	55.07	4.17	0.72	2.17
1	160	160	306	108.23	79.22	13.78	8.88	6.35
1	30	30	96	66.65	60.56	3.59	0.47	2.03
1	30	30	96	103.78	96.58	4.33	0.68	2.20
2	4	4	15	7.20	5.08	0.64	0.12	1.35
2	4	4	15	7.34	5.24	0.63	0.13	1.34
2	4	4	15	7.16	5.06	0.57	0.10	1.43
2	4	4	15	6.27	4.15	0.56	0.10	1.46
1	2	2	12	10.70	8.35	0.47	0.10	1.77
2	4	4	15	5.75	3.71	0.60	0.10	1.33
1	8	8	15	11.14	8.64	1.00	0.19	1.32
1	8	8	15	11.58	8.96	1.02	0.19	1.41
3	7	7	53	32.73	22.01	6.75	0.39	3.57
1	1	1	8	8.29	6.34	0.57	0.09	1.28
2	3	3	18	12.13	9.48	1.20	0.12	1.33
2	4	4	15	12.84	10.38	0.99	0.13	1.34
1	8	8	15	10.70	8.34	0.88	0.21	1.27
2	5	5	24	12.08	9.75	0.92	0.13	1.29
2	4	4	15	6.06	4.09	0.57	0.09	1.31
2	4	4	15	8.57	6.03	0.69	0.12	1.73
2	4	4	15	8.43	6.31	0.57	0.11	1.44
1	14	14	24	11.27	8.87	0.85	0.23	1.32
1	8	8	15	6.29	4.29	0.55	0.14	1.32
1	8	8	15	6.23	4.20	0.55	0.14	1.34
3	7	7	46	11.70	8.60	1.68	0.13	1.29
2	7	7	24	11.96	9.59	1.01	0.12	1.24
1	8	8	15	10.81	8.37	0.91	0.21	1.31
1	8	8	15	13.16	7.25	2.12	0.45	3.35
2	6	6	24	11.18	9.02	0.81	0.12	1.24
2	6	6	24	10.88	8.71	0.80	0.11	1.26
1	8	8	15	6.03	4.08	0.50	0.14	1.31
2	6	6	24	11.01	8.80	0.81	0.10	1.29
2	6	6	24	15.80	10.30	2.03	0.26	3.20
2	6	6	24	12.11	9.88	0.82	0.12	1.30
2	6	6	24	11.63	9.43	0.83	0.11	1.26
2	6	6	24	11.41	9.19	0.83	0.11	1.27
2	6	6	24	11.78	9.60	0.78	0.12	1.28
2	6	6	24	11.30	9.12	0.80	0.11	1.28
2	6	6	24	13.21	10.68	1.09	0.16	1.29
2	6	6	24	10.41	8.31	0.79	0.09	1.22
2	6	6	24	10.97	8.82	0.79	0.09	1.27
2	6	6	24	9.93	7.80	0.77	0.10	1.25
2	6	6	24	11.12	8.99	0.78	0.10	1.24
1	8	8	15	5.17	3.26	0.49	0.11	1.31
1	8	8	15	5.67	3.76	0.49	0.11	1.31
1	8	8	15	5.94	3.89	0.51	0.12	1.42
1	8	8	15	5.38	3.46	0.49	0.11	1.32
2	4	4	15	5.55	3.69	0.49	0.07	1.30
3	7	7	53	23.71	18.90	3.37	0.17	1.27
2	4	4	15	7.90	6.06	0.59	0.09	1.16
1	1	1	8	6.84	5.14	0.47	0.06	1.16
2	7	7	24	18.26	15.38	1.44	0.15	1.30
2	7	7	24	18.32	15.56	1.32	0.17	1.27
2	7	7	24	18.57	15.76	1.40	0.16	1.26
1	1	1	8	18.94	16.38	0.27	0.05	2.24
1	1	1	8	4.38	2.87	0.24	0.04	1.23
1	1	1	8	5.77	4.19	0.29	0.05	1.24
2	7	7	24	12.92	10.60	0.90	0.14	1.28
2	7	7	24	13.23	10.82	0.93	0.14	1.34
2	7	7	24	12.79	10.48	0.91	0.14	1.26
2	7	7	24	24.55	21.74	1.10	0.13	1.58
2	7	7	24	13.24	10.80	0.91	0.11	1.42
2	7	7	24	12.95	10.66	0.90	0.11	1.27
2	7	7	24	11.65	9.55	0.78	0.09	1.23
2	7	7	24	10.01	8.01	0.67	0.10	1.24
2	10	10	36	15.46	12.80	1.22	0.15	1.30
1	1	1	12	10.14	8.18	0.42	0.06	1.48
2	4	4	15	6.45	4.61	0.47	0.08	1.29
2	7	7	24	10.44	8.30	0.77	0.12	1.25
2	4	4	15	6.56	4.55	0.50	0.09	1.43
2	7	7	24	10.70	8.47	0.81	0.12	1.30
1	1	1	8	4.35	2.86	0.23	0.04	1.22
2	7	7	24	12.07	9.79	0.79	0.13	1.36
2	7	7	24	11.13	8.89	0.80	0.12	1.31
3	7	7	54	15.80	12.52	1.94	0.11	1.23
2	7	7	24	10.81	8.62	0.78	0.12	1.29
2	7	7	24	11.04	8.82	0.78	0.12	1.33
1	1	1	8	4.04	2.61	0.22	0.03	1.18
1	8	8	15	5.33	3.43	0.48	0.12	1.30
2	4	4	15	5.00	3.17	0.49	0.08	1.26
2	7	7	24	9.69	7.53	0.78	0.12	1.25
2	4	4	15	5.35	3.52	0.49	0.08	1.27
1	14	14	24	11.52	9.12	0.86	0.25	1.29
1	8	8	15	6.80	4.77	0.56	0.14	1.32
3	10	10	73	15.76	11.84	2.44	0.21	1.27
2	7	7	24	10.49	8.50	0.68	0.09	1.22
2	7	7	24	10.34	8.27	0.76	0.09	1.22
2	7	7	24	10.31	8.17	0.78	0.11	1.26
2	7	7	24	10.60	8.51	0.75	0.11	1.22
2	7	7	24	10.39	8.31	0.76	0.09	1.23
2	7	7	24	10.58	8.45	0.76	0.10	1.27
2	7	7	24	10.18	8.05	0.75	0.10	1.27
1	1	1	8	4.40	2.99	0.22	0.03	1.15
2	7	7	24	11.85	9.69	0.81	0.13	1.22
2	7	7	24	12.33	10.01	0.90	0.14	1.29
2	7	7	24	10.29	8.11	0.80	0.10	1.27
2	7	7	24	16.69	14.55	0.76	0.11	1.26
2	7	7	24	10.07	7.92	0.78	0.12	1.26
2	7	7	24	10.21	8.22	0.69	0.08	1.23
2	7	7	24	10.51	8.37	0.77	0.10	1.26
2	7	7	24	10.42	8.26	0.77	0.11	1.28
2	7	7	24	12.73	10.39	0.90	0.13	1.30
2	7	7	24	12.60	10.33	0.90	0.14	1.23
1	8	8	15	7.46	5.43	0.57	0.12	1.33
2	4	4	15	6.18	4.27	0.56	0.08	1.27
1	1	1	8	4.35	2.89	0.26	0.03	1.17
1	12	12	21	10.35	8.08	0.79	0.16	1.32
2	7	7	24	14.24	8.30	1.95	0.27	3.73
2	4	4	15	5.61	3.71	0.49	0.07	1.33
2	4	4	15	5.29	3.52	0.45	0.06	1.27
3	7	7	60	24.61	21.17	2.06	0.11	1.27
1	10	10	36	75.82	72.88	1.35	0.16	1.43
1	14	14	24	9.78	7.52	0.77	0.18	1.31
1	8	8	15	5.41	3.48	0.47	0.11	1.35
2	4	4	15	12.37	10.44	0.51	0.10	1.33
3	18	18	151	28.82	21.68	5.41	0.31	1.43
1	2	2	12	5.81	4.12	0.39	0.04	1.25
1	2	2	12	6.16	4.43	0.37	0.04	1.31
1	8	8	15	5.89	3.93	0.48	0.11	1.36
1	8	8	15	5.34	3.42	0.48	0.11	1.33
1	1	1	8	3.59	2.12	0.24	0.03	1.20
2	4	4	15	5.39	3.60	0.49	0.07	1.24
2	4	4	15	5.55	3.71	0.48	0.07	1.28
2	7	7	24	15.32	13.18	0.77	0.10	1.27
2	4	4	15	5.12	3.28	0.48	0.07	1.29
3	8	8	59	28.67	25.00	2.09	0.21	1.37
3	8	8	60	28.28	24.64	2.13	0.18	1.33
1	8	8	15	5.52	3.60	0.49	0.11	1.33
1	8	8	15	4.91	3.16	0.42	0.09	1.24
2	6	6	38	57.65	54.95	1.19	0.09	1.41
1	8	8	15	5.24	3.46	0.41	0.10	1.27
2	4	4	15	4.91	3.13	0.47	0.07	1.24
1	8	8	15	5.47	3.66	0.44	0.12	1.25
2	4	4	15	5.40	3.53	0.52	0.11	1.25
2	4	4	15	4.95	3.27	0.42	0.06	1.20
2	4	4	15	4.89	3.23	0.41	0.06	1.19
2	4	4	15	5.00	3.26	0.48	0.07	1.20
2	4	4	15	4.79	3.14	0.41	0.06	1.18
2	4	4	15	5.15	3.39	0.47	0.07	1.22
3	20	20	211	9875.66	9755.89	107.80	8.06	3.92
2	4	4	15	5.27	3.60	0.43	0.06	1.17
1	8	8	15	5.43	3.49	0.51	0.12	1.31
2	4	4	15	5.65	3.81	0.45	0.07	1.32
2	4	4	15	4.84	3.05	0.45	0.07	1.27
2	4	4	15	4.91	3.14	0.46	0.07	1.24
2	4	4	15	4.91	3.13	0.44	0.07	1.27
1	8	8	15	5.90	3.93	0.48	0.12	1.37
2	4	4	15	5.31	3.37	0.48	0.07	1.38
2	4	4	15	5.18	3.35	0.47	0.07	1.28
2	4	4	15	6.85	4.08	0.73	0.12	1.92
2	4	4	15	8.12	3.61	1.17	0.16	3.18
2	4	4	15	5.29	3.43	0.48	0.07	1.31
2	4	4	15	5.25	3.34	0.48	0.07	1.36
2	4	4	15	5.39	3.49	0.47	0.07	1.36
2	4	4	15	5.18	3.30	0.48	0.07	1.33
2	4	4	15	5.26	3.32	0.48	0.07	1.40
2	4	4	15	5.15	3.37	0.48	0.07	1.23
2	4	4	15	8.73	6.03	0.71	0.09	1.90
1	8	8	15	5.34	3.42	0.43	0.12	1.38
2	4	4	15	5.02	3.21	0.48	0.07	1.26
1	2	2	12	5.92	4.22	0.37	0.04	1.29
2	4	4	15	5.28	3.44	0.48	0.07	1.29
5	8	8	105	30.89	25.01	4.46	0.18	1.23
1	8	8	15	5.53	3.60	0.48	0.11	1.33
3	9	9	41	12.05	9.25	1.34	0.15	1.31
4	9	9	40	17.34	14.18	1.63	0.25	1.27
2	7	7	24	10.25	8.28	0.67	0.09	1.21
2	4	4	15	5.63	3.80	0.48	0.07	1.27
2	4	4	15	5.52	3.76	0.44	0.06	1.25
4	6	6	28	9.92	7.39	1.08	0.18	1.27
2	4	4	15	13.24	9.10	1.11	0.16	2.88
1	6	6	24	8.33	6.19	0.75	0.10	1.30
2	4	4	15	8.87	6.05	0.74	0.11	1.97
2	4	4	15	5.27	3.46	0.47	0.06	1.27
3	36	36	110	71.32	63.46	4.85	0.95	2.05
3	12	12	50	39.23	35.83	1.77	0.21	1.42
2	30	30	121	66.03	59.18	4.52	0.58	1.75
2	4	4	15	6.05	4.23	0.48	0.07	1.27
1	14	14	24	10.50	8.17	0.77	0.22	1.34
1	14	14	24	9.57	7.24	0.77	0.21	1.36
1	14	14	24	12.20	9.97	0.69	0.17	1.37
1	14	14	24	12.41	9.93	0.79	0.17	1.52
1	14	14	24	13.69	11.19	0.79	0.21	1.49
1	14	14	24	12.89	10.52	0.78	0.21	1.38
1	14	14	24	11.86	9.56	0.80	0.17	1.33
1	14	14	24	13.51	11.35	0.68	0.16	1.33
1	8	8	15	5.07	3.18	0.51	0.11	1.28
1	8	8	15	5.19	3.23	0.50	0.11	1.35
4	1	1	190	77.04	67.35	8.25	0.04	1.40
2	4	4	15	5.55	3.72	0.48	0.07	1.27
2	4	4	15	5.42	3.60	0.48	0.07	1.27
3	3	3	31	13.87	11.52	1.08	0.08	1.19
2	4	4	15	5.68	3.87	0.51	0.07	1.23
2	7	7	24	10.11	7.97	0.78	0.12	1.25
1	12	12	21	8.34	6.36	0.59	0.14	1.25
2	4	4	15	5.49	3.61	0.57	0.08	1.23
1	14	14	24	10.05	7.86	0.76	0.17	1.26
2	4	4	15	5.85	4.07	0.48	0.07	1.23
2	4	4	15	5.78	3.93	0.49	0.07	1.28
2	30	30	91	62.08	56.48	3.43	0.45	1.73
2	4	4	15	5.56	3.70	0.43	0.06	1.37
2	4	4	15	5.79	3.85	0.47	0.07	1.40
2	4	4	15	5.37	3.66	0.42	0.06	1.22
1	10	10	36	63.61	60.86	1.17	0.13	1.45
1	1	1	8	4.05	2.68	0.20	0.03	1.14
2	4	4	15	5.45	3.68	0.47	0.07	1.24
2	4	4	15	4.91	3.23	0.42	0.06	1.19
1	8	8	15	4.94	3.11	0.47	0.13	1.22
6	19	19	342	102.49	82.40	17.65	0.64	1.81
1	12	12	42	11.32	8.61	1.25	0.16	1.30
1	14	14	24	9.50	7.37	0.67	0.17	1.28
1	1	1	8	3.70	2.31	0.21	0.03	1.16
2	4	4	15	5.21	3.40	0.49	0.06	1.25
2	4	4	15	5.14	3.46	0.42	0.06	1.21
2	4	4	15	5.59	3.82	0.47	0.06	1.24
2	4	4	15	5.35	3.62	0.47	0.07	1.20
2	4	4	15	5.26	3.50	0.47	0.08	1.22
2	4	4	15	5.02	3.25	0.41	0.07	1.29
1	5	5	24	9.59	7.65	0.66	0.06	1.22
1	8	8	15	5.63	3.88	0.42	0.09	1.23
1	8	8	15	5.28	3.46	0.45	0.13	1.25
1	24	24	78	40.68	36.13	2.60	0.40	1.54
1	30	30	96	63.93	58.36	3.37	0.41	1.78
3	32	32	102	57.74	51.44	3.93	0.68	1.69
2	4	4	15	5.06	3.15	0.53	0.10	1.27
2	4	4	15	5.01	3.21	0.48	0.07	1.25
2	12	12	39	10.66	7.92	1.26	0.18	1.30
1	5	5	24	11.09	8.97	0.79	0.07	1.26
1	8	8	15	5.18	3.36	0.47	0.13	1.23
2	4	4	15	5.75	3.91	0.49	0.06	1.29
2	4	4	15	5.08	3.39	0.42	0.06	1.22
1	8	8	15	5.23	3.40	0.42	0.11	1.31
1	14	14	24	9.81	7.70	0.65	0.17	1.30
3	7	7	60	13.37	10.24	1.90	0.09	1.14
2	4	4	15	5.90	4.08	0.47	0.07	1.28
1	0	0	6	8.73	8.56	0.17	0.00	0.00
1	1	1	8	12.45	11.05	0.21	0.04	1.15
2	4	4	15	14.44	12.75	0.41	0.07	1.22
2	2	2	45	8.26	5.35	1.64	0.05	1.22
1	3	3	19	8.30	6.48	0.56	0.06	1.21
2	7	7	24	9.73	7.71	0.66	0.10	1.26
3	7	7	36	12.20	9.47	1.28	0.17	1.28
4	9	9	49	18.01	14.62	1.85	0.23	1.31
2	4	4	15	5.23	3.45	0.49	0.08	1.20
2	4	4	15	5.15	3.39	0.48	0.08	1.20
2	4	4	15	5.68	3.86	0.48	0.07	1.28
1	6	6	24	8.75	6.65	0.76	0.08	1.25
1	6	6	24	9.27	7.31	0.66	0.07	1.22
2	4	4	15	5.03	3.36	0.41	0.06	1.19
2	7	7	24	9.94	7.83	0.76	0.11	1.24
1	6	6	24	8.10	6.13	0.68	0.08	1.22
2	4	4	15	6.54	4.76	0.50	0.07	1.21
1	14	14	24	10.57	8.39	0.68	0.18	1.33
8	8	8	30	19.46	16.95	1.05	0.16	1.30
2	4	4	15	5.44	3.59	0.47	0.11	1.27
1	8	8	15	6.48	4.69	0.44	0.11	1.23
2	4	4	15	5.37	3.50	0.50	0.09	1.27
2	4	4	15	4.95	3.23	0.42	0.06	1.24
2	7	7	24	9.64	7.71	0.66	0.09	1.19
1	8	8	15	6.82	4.99	0.42	0.10	1.31
2	7	7	24	10.77	8.70	0.78	0.11	1.17
1	5	5	24	9.28	7.27	0.76	0.07	1.18
2	4	4	15	5.48	3.82	0.41	0.06	1.19
1	14	14	24	9.76	7.52	0.76	0.16	1.31
4	7	7	72	18.93	14.78	2.80	0.14	1.22
2	7	7	24	8.97	7.04	0.67	0.09	1.17
2	4	4	15	5.53	3.85	0.41	0.06	1.21
2	7	7	24	9.24	7.29	0.69	0.09	1.17
2	7	7	24	9.61	7.61	0.67	0.09	1.24
1	8	8	15	5.43	3.69	0.41	0.10	1.23
2	4	4	15	5.32	3.63	0.43	0.06	1.21
1	1	1	8	3.81	2.47	0.21	0.03	1.10
2	4	4	15	6.67	5.00	0.42	0.06	1.19
1	4	4	36	12.59	10.15	1.25	0.06	1.12
2	4	4	15	5.25	3.61	0.41	0.06	1.17
1	1	1	4	3.54	2.26	0.12	0.03	1.13
1	12	12	42	75.76	72.74	1.27	0.18	1.58
3	7	7	62	13.21	9.86	2.01	0.13	1.21
3	7	7	45	13.75	10.93	1.52	0.09	1.21
2	7	7	24	9.86	7.80	0.76	0.09	1.20
3	8	8	58	27.55	24.07	2.02	0.20	1.26
2	4	4	15	4.77	3.10	0.40	0.06	1.21
2	4	4	15	5.92	3.84	0.53	0.07	1.49
2	4	4	15	5.02	3.12	0.49	0.07	1.34
2	4	4	15	5.14	3.28	0.49	0.07	1.29
1	8	8	15	5.54	3.58	0.50	0.11	1.35
2	4	4	15	6.40	4.51	0.50	0.08	1.31
2	4	4	15	5.29	3.39	0.49	0.07	1.34
1	6	6	12	5.32	3.57	0.36	0.08	1.32
1	3	3	16	8.01	6.20	0.52	0.06	1.23
1	1	1	8	4.38	2.86	0.24	0.03	1.25
2	4	4	15	5.34	3.45	0.48	0.07	1.33
2	4	4	15	6.21	4.39	0.50	0.07	1.25
2	15	15	47	16.68	13.05	1.85	0.29	1.49
1	2	2	12	5.99	4.37	0.34	0.04	1.23
1	2	2	6	3.63	2.05	0.21	0.04	1.32
1	1	1	4	3.04	1.65	0.14	0.03	1.21
1	8	8	15	5.43	3.73	0.42	0.10	1.18
2	4	4	15	5.55	3.68	0.47	0.07	1.33
1	1	1	8	3.56	2.13	0.23	0.03	1.17
1	8	8	15	5.34	3.48	0.47	0.11	1.28
2	4	4	15	5.15	3.33	0.48	0.07	1.27
2	4	4	15	5.21	3.34	0.49	0.07	1.31
2	4	4	15	4.83	3.04	0.48	0.07	1.24
2	1	1	8	4.43	2.93	0.23	0.03	1.24
1	8	8	15	5.29	3.42	0.48	0.11	1.28
1	8	8	15	5.31	3.37	0.48	0.11	1.35
2	7	7	24	9.32	7.32	0.71	0.10	1.19
1	28	28	90	49.28	44.39	3.06	0.37	1.47
1	10	10	36	16.06	13.09	1.08	0.14	1.75
2	6	6	36	58.32	55.62	1.29	0.11	1.31
1	0	0	40	18.89	17.52	1.37	0.00	0.00
2	7	7	24	9.49	7.27	0.78	0.12	1.32
2	12	12	24	10.22	7.89	0.79	0.18	1.36
2	4	4	15	5.49	3.61	0.48	0.08	1.31
4	8	8	63	21.08	17.17	2.50	0.15	1.26
2	4	4	15	5.74	3.87	0.48	0.07	1.32
2	4	4	15	5.84	4.18	0.41	0.06	1.19
2	7	7	24	16.44	13.00	1.16	0.16	2.12
3	4	4	60	30.74	27.56	1.83	0.07	1.28
1	8	8	30	37.90	35.47	0.99	0.13	1.31
2	14	14	41	12.50	9.45	1.49	0.21	1.35
2	4	4	15	4.75	3.07	0.41	0.06	1.21
1	14	14	24	9.73	7.45	0.76	0.21	1.31
2	7	7	24	9.58	7.51	0.75	0.09	1.22
1	6	6	28	9.05	6.90	0.84	0.09	1.23
2	7	7	24	9.90	7.81	0.77	0.09	1.23
1	8	8	15	5.21	3.32	0.48	0.11	1.29
1	80	80	189	36.46	12.09	16.93	3.69	3.76
1	1	1	8	4.00	2.52	0.23	0.04	1.21
2	7	7	24	9.85	7.79	0.74	0.10	1.22
2	4	4	15	6.15	4.31	0.50	0.08	1.26
2	4	4	15	5.68	3.77	0.49	0.08	1.34
3	23	23	150	58.47	50.77	5.50	0.41	1.78
3	22	22	54	34.19	30.11	2.08	0.34	1.65
1	14	14	24	10.72	8.37	0.79	0.19	1.38
1	5	5	24	9.32	7.10	0.80	0.10	1.32
2	9	9	63	6.89	3.10	2.38	0.16	1.26
1	2	2	12	7.16	5.48	0.43	0.05	1.20
1	14	14	24	10.01	7.73	0.73	0.18	1.37
2	4	4	15	5.48	3.61	0.49	0.07	1.32
2	4	4	15	6.30	4.52	0.44	0.08	1.27
1	14	14	24	10.57	8.34	0.73	0.18	1.32
2	4	4	15	6.26	4.46	0.42	0.08	1.31
1	1	1	8	3.73	2.26	0.22	0.03	1.21
1	8	8	15	5.22	3.43	0.43	0.11	1.24
2	4	4	15	5.62	3.88	0.45	0.06	1.23
2	4	4	15	5.84	4.13	0.41	0.06	1.23
3	4	4	30	6.37	4.08	0.96	0.07	1.25
4	20	20	60	32.36	28.54	2.10	0.30	1.41
2	4	4	15	4.94	3.13	0.45	0.07	1.29
1	30	30	48	58.04	54.24	1.63	0.48	1.69
1	8	8	15	5.56	3.61	0.49	0.11	1.35
1	8	8	15	5.29	3.32	0.49	0.12	1.36
2	4	4	15	5.44	3.54	0.51	0.07	1.33
2	4	4	15	6.01	4.23	0.43	0.07	1.27
1	2	2	12	5.73	3.96	0.39	0.05	1.34
1	8	8	15	5.21	3.38	0.45	0.11	1.27
2	7	7	24	9.67	7.57	0.72	0.10	1.28
2	4	4	15	5.26	3.50	0.45	0.07	1.25
2	7	7	24	10.20	8.18	0.72	0.09	1.21
2	4	4	15	5.52	3.62	0.48	0.07	1.34
1	1	1	8	3.91	2.41	0.23	0.03	1.23
1	14	14	24	11.33	9.14	0.70	0.19	1.30
2	4	4	15	6.30	4.42	0.48	0.07	1.32
2	4	4	15	5.07	3.26	0.49	0.08	1.25
1	30	30	96	63.29	57.60	3.47	0.50	1.72
1	12	12	42	82.77	79.59	1.41	0.18	1.60
1	6	6	24	15.51	13.39	0.72	0.09	1.30
1	6	6	24	14.51	12.44	0.72	0.09	1.25
1	10	10	36	64.56	61.85	1.10	0.14	1.47
1	8	8	30	50.09	47.52	1.03	0.13	1.41
1	8	8	30	35.68	33.14	1.04	0.13	1.37
1	12	12	42	79.12	75.96	1.40	0.19	1.57
1	10	10	36	65.07	62.23	1.17	0.16	1.51
1	14	14	48	101.92	98.43	1.56	0.22	1.71
1	10	10	36	61.84	58.88	1.26	0.18	1.52
1	6	6	24	14.88	12.67	0.78	0.10	1.32
1	24	24	78	203.57	198.39	2.87	0.41	1.90
1	12	12	42	77.97	74.95	1.35	0.17	1.50
1	8	8	30	36.00	33.54	0.97	0.14	1.36
1	12	12	42	79.72	76.70	1.29	0.18	1.55
1	10	10	36	62.77	60.05	1.15	0.14	1.43
1	10	10	36	60.22	57.56	1.15	0.13	1.39
1	10	10	36	63.06	60.30	1.16	0.14	1.45
1	12	12	42	85.52	82.33	1.36	0.17	1.66
1	10	10	36	68.17	65.58	1.06	0.14	1.40
1	10	10	36	43.15	40.56	1.07	0.14	1.38
1	10	10	36	59.50	56.81	1.09	0.15	1.45
1	6	6	24	14.45	12.39	0.75	0.08	1.22
1	14	14	48	97.02	93.65	1.56	0.21	1.61
1	10	10	36	62.84	60.18	1.15	0.13	1.38
1	8	8	30	34.88	32.54	0.91	0.12	1.30
1	10	10	36	63.72	60.93	1.15	0.17	1.47
1	6	6	24	15.45	13.24	0.77	0.11	1.34
1	10	10	36	62.24	59.58	1.07	0.14	1.46
1	6	6	24	14.48	12.48	0.67	0.09	1.23
1	10	10	36	64.65	61.99	1.05	0.14	1.47
1	10	10	36	64.41	61.61	1.11	0.16	1.53
1	12	12	42	79.73	76.55	1.31	0.17	1.69
1	22	22	72	177.35	172.70	2.45	0.36	1.84
1	6	6	24	14.56	12.55	0.72	0.07	1.21
1	8	8	30	36.11	33.86	0.86	0.10	1.29
1	10	10	36	64.07	61.29	1.14	0.12	1.51
1	8	8	30	35.68	33.25	0.96	0.13	1.34
1	8	8	30	38.28	35.84	0.96	0.10	1.38
1	10	10	36	63.04	60.23	1.24	0.14	1.43
1	8	8	30	37.13	34.69	1.00	0.13	1.31
1	10	10	36	63.57	60.83	1.15	0.16	1.43
1	8	8	30	37.83	35.45	0.92	0.12	1.34
1	10	10	36	61.24	58.55	1.08	0.14	1.47
1	12	12	42	83.69	80.71	1.33	0.16	1.49
1	18	18	60	142.15	137.93	2.18	0.27	1.78
1	14	14	48	100.60	97.19	1.56	0.24	1.61
1	12	12	42	84.35	81.27	1.36	0.18	1.54
1	24	24	78	201.87	196.87	2.80	0.39	1.81
2	24	24	115	50.40	44.55	3.99	0.41	1.44
1	12	12	42	78.26	75.21	1.35	0.15	1.54
1	12	12	42	84.99	81.93	1.33	0.18	1.55
1	10	10	36	64.92	62.07	1.19	0.15	1.50
1	8	8	30	40.16	37.68	0.95	0.12	1.40
1	8	8	30	35.79	33.32	1.00	0.13	1.35
1	14	14	48	89.13	85.88	1.51	0.22	1.52
1	10	10	36	63.50	60.77	1.15	0.15	1.43
1	1	1	8	4.15	2.70	0.22	0.03	1.20
1	5	5	24	9.57	7.43	0.79	0.07	1.28
1	8	8	30	39.32	36.92	0.96	0.12	1.32
2	4	4	15	5.84	4.01	0.47	0.07	1.28
1	10	10	36	67.96	64.95	1.12	0.14	1.76
1	12	12	42	79.80	76.71	1.36	0.21	1.52
1	12	12	42	88.71	85.46	1.36	0.18	1.71
1	10	10	36	44.02	41.31	1.17	0.17	1.37
1	14	14	48	97.75	94.42	1.53	0.22	1.58
1	10	10	36	72.74	69.87	1.28	0.15	1.44
1	10	10	36	66.79	63.91	1.24	0.14	1.51
1	6	6	24	15.82	13.73	0.75	0.08	1.26
1	10	10	36	73.84	70.73	1.48	0.14	1.49
1	10	10	36	63.72	61.12	1.05	0.13	1.42
1	12	12	42	97.68	94.31	1.60	0.19	1.58
1	0	0	24	10.55	9.64	0.91	0.00	0.00
1	8	8	30	38.23	35.84	0.94	0.12	1.32
1	12	12	42	91.26	87.89	1.60	0.21	1.55
1	0	0	18	8.45	7.75	0.70	0.00	0.00
1	10	10	36	64.19	61.28	1.24	0.16	1.51
1	16	16	54	121.00	117.23	1.84	0.23	1.71
1	6	6	24	14.99	12.83	0.77	0.10	1.30
1	10	10	36	69.49	66.74	1.16	0.15	1.45
2	4	4	15	5.34	3.58	0.43	0.06	1.27
1	10	10	36	65.53	62.76	1.22	0.13	1.41
1	12	12	42	84.93	81.84	1.35	0.19	1.55
1	1	1	8	3.88	2.44	0.22	0.03	1.19
1	14	14	24	10.73	8.47	0.71	0.17	1.38
1	1	1	8	3.47	2.04	0.22	0.03	1.19
1	8	8	30	35.69	33.31	0.92	0.10	1.36
3	7	7	54	15.16	11.92	1.86	0.12	1.26
1	24	24	78	40.14	35.70	2.66	0.31	1.47
1	1	1	4	3.04	1.68	0.12	0.03	1.20
2	4	4	15	5.21	3.37	0.48	0.07	1.28
2	4	4	15	5.15	3.32	0.49	0.07	1.27
2	4	4	15	5.25	3.53	0.43	0.06	1.23
2	4	4	15	4.85	3.13	0.43	0.06	1.23
1	2	2	6	3.47	2.04	0.19	0.04	1.20
2	4	4	15	4.93	3.19	0.47	0.06	1.20
1	2	2	6	3.26	1.90	0.17	0.03	1.16
1	2	2	6	3.46	1.99	0.21	0.04	1.23
1	2	2	6	3.52	2.08	0.18	0.04	1.22
2	4	4	15	5.45	3.72	0.43	0.06	1.24
2	4	4	15	5.13	3.42	0.43	0.06	1.22
2	4	4	15	5.23	3.40	0.47	0.07	1.29
2	4	4	15	5.02	3.32	0.43	0.06	1.20
2	4	4	15	4.95	3.22	0.45	0.06	1.21
1	5	5	24	9.94	7.84	0.77	0.08	1.25
1	2	2	12	6.92	5.26	0.37	0.04	1.24
2	4	4	15	5.21	3.37	0.47	0.07	1.30
1	8	8	15	5.32	3.40	0.48	0.11	1.32
2	7	7	24	10.17	8.01	0.76	0.11	1.29
1	1	1	8	3.87	2.44	0.21	0.03	1.19
2	7	7	24	10.07	7.91	0.76	0.11	1.30
1	14	14	24	9.56	7.35	0.72	0.19	1.30
2	16	16	53	22.55	18.46	2.33	0.40	1.37
2	4	4	15	5.10	3.37	0.45	0.06	1.22
2	4	4	15	5.17	3.35	0.47	0.07	1.28
1	8	8	15	5.50	3.67	0.43	0.10	1.29
1	1	1	8	4.48	2.35	0.22	0.03	1.87
1	10	10	21	11.27	9.03	0.83	0.15	1.26
1	1	1	8	3.91	2.50	0.22	0.03	1.16
1	1	1	8	3.86	2.43	0.22	0.03	1.19
1	8	8	15	5.01	3.18	0.49	0.11	1.23
2	7	7	24	9.45	7.34	0.75	0.11	1.26
1	1	1	8	4.26	2.83	0.22	0.03	1.19
2	7	7	24	9.20	7.06	0.76	0.12	1.26
1	6	6	24	7.30	5.34	0.70	0.08	1.18
2	4	4	15	6.52	4.77	0.46	0.06	1.23
