2.0388	0.6428	0.00919	0.01051
0.591	0.5321	0.02098	0.0182
2.2858	0.6957	0.0094	0.00839
1.9541	0.6226	0.00728	0.00638
1.7255	0.523	0.00298	0.00256
4.0528	0.7763	0.00251	0.00229
0.5978	0.565	0.00315	0.00274
1.7261	0.4778	0.00308	0.0025
6.5055	0.9709	0.01465	0.01114
0.7776	0.4914	0.00272	0.00328
1.6992	0.6027	0.00272	0.00241
4.6693	0.8831	0.00287	0.00258
2.8262	0.6439	0.00253	0.00221
20.9963	3.7171	0.00254	0.00223
297.1202	1267.4261	0.00298	0.00273
19.1748	2.43	0.00282	0.00254
17.7326	2.6536	0.00233	0.00207
2.2827	0.6285	0.00287	0.0025
1.6052	0.6226	0.00274	0.00238
1.8038	0.6314	0.00325	0.00301
1.688	0.5391	0.00249	0.00226
0.9473	0.4913	0.00304	0.00279
2.0905	0.566	0.00174	0.00173
2.9554	0.6659	0.00176	0.00162
2.6248	0.5897	0.00278	0.00252
10.6817	1.6435	0.00268	0.0024
0.6923	0.4825	0.00315	0.00284
1.4326	0.52	0.00326	0.00291
1.891	0.5555	0.00276	0.00249
2.2402	0.6173	0.00343	0.00304
2.1833	0.4753	0.00314	0.00286
2.1627	0.6149	0.00313	0.00271
2.2629	0.5888	0.00319	0.00302
2.0967	0.6301	0.109	0.07035
5.3839	0.7253	0.00888	0.01037
3.0438	0.5475	0.00559	0.00485
2.7736	0.7365	0.0101	0.00972
5.9967	1.0263	0.00273	0.00249
3.2268	0.7178	0.00335	0.00296
3.0079	0.694	0.00222	0.00207
2.5193	0.6355	0.00632	0.00561
1.9339	0.8339	0.00233	0.00214
1.5271	0.634	0.011	0.00703
3.0932	0.6706	0.00241	0.00216
1.5554	0.57	0.00513	0.00452
1.9259	0.7068	0.00228	0.00209
1.6798	0.7945	0.00595	0.00959
1.88	0.6637	0.00489	0.00436
1.5951	0.6965	0.00473	0.00426
1.9406	0.665	0.00507	0.00446
1.5267	0.673	0.0023	0.00201
1.9571	0.6866	0.00625	0.00407
1.589	0.6882	0.01114	0.00828
1.8618	0.7264	0.01014	0.00897
1.8188	0.7506	0.01578	0.01181
1.9947	0.6281	0.00824	0.00664
2.7348	0.589	0.00726	0.0059
3.3314	0.649	0.00652	0.00514
2.5917	0.6974	0.01441	0.01133
2.6928	0.6234	0.00518	0.00498
1.6986	0.5367	0.00492	0.00402
10.5531	2.1001	0.00516	0.00385
2.0053	0.6304	0.00627	0.00347
0.613	0.6126	0.00629	0.00357
3.2874	0.6937	0.00488	0.00351
4.2423	0.7095	0.00481	0.00357
4.0875	0.7229	0.00534	0.00507
0.5033	0.5247	0.00676	0.00535
0.5333	0.5894	0.00555	0.00428
0.676	0.5031	0.0048	0.00364
3.7422	0.7864	0.00636	0.00349
3.0641	0.7329	0.00511	0.00392
3.3888	0.6784	0.00498	0.00372
3.3403	0.7233	0.00504	0.00366
3.0834	0.6431	0.00465	0.00344
3.1456	0.6204	0.00483	0.00369
3.294	0.7684	0.00526	0.00377
3.3054	0.694	0.00507	0.00386
3.5023	0.7865	0.00526	0.00401
0.7732	0.4475	0.00524	0.00404
1.8907	0.4603	0.00469	0.00341
3.8565	0.7671	0.00461	0.00332
1.4971	0.6494	0.00478	0.00383
3.9793	0.6144	0.00494	0.00362
0.6314	0.5058	0.00524	0.00412
3.1302	0.6171	0.00502	0.00384
3.1254	0.6186	0.00495	0.00372
9.1912	2.3488	0.01499	0.01272
2.9971	0.6494	0.0051	0.00379
3.2904	0.6871	0.00493	0.00392
0.5699	0.454	0.00474	0.00355
2.7104	0.6551	0.00553	0.00427
1.8664	0.5699	0.00503	0.00378
3.9696	0.7313	0.00569	0.00431
1.7424	0.6087	0.00555	0.00428
4.8362	0.7732	0.00583	0.00439
2.904	0.5599	0.00508	0.00392
7.1819	1.4824	0.00472	0.00354
2.8172	0.6825	0.00655	0.0049
3.05	0.6712	0.00507	0.00389
3.6092	0.7373	0.00453	0.0035
3.3726	0.7456	0.00465	0.00339
3.0433	0.741	0.00664	0.00403
4.0337	0.7061	0.00541	0.0041
3.7946	0.6454	0.00465	0.0035
0.7476	0.5408	0.00456	0.00336
3.716	0.6675	0.00523	0.00407
3.0696	0.7973	0.00503	0.00377
3.1545	0.6438	0.00534	0.00412
3.2388	0.701	0.005	0.00375
3.7989	0.5895	0.00476	0.0035
3.5048	0.6144	0.00568	0.00443
2.9624	0.6781	0.00788	0.00486
3.0179	0.7394	0.00494	0.00371
4.0865	0.6736	0.00642	0.00349
4.0779	0.7884	0.00488	0.00358
2.4814	0.5891	0.00468	0.00349
1.6216	0.5028	0.00591	0.00446
0.5696	0.5149	0.00594	0.00684
4.2237	0.5692	0.00464	0.00351
3.3913	0.7501	0.00512	0.00372
1.787	0.6168	0.00455	0.00342
1.9062	0.5021	0.00466	0.00344
7.5842	2.0916	0.00768	0.00404
4.3828	1.343	0.00503	0.00383
5.6201	0.8276	0.0056	0.0043
2.7798	0.5707	0.00511	0.00385
1.6017	0.5692	0.00504	0.00733
20.053	9.3698	0.00465	0.00354
0.9724	0.5384	0.00512	0.00393
0.795	0.6063	0.0051	0.00367
2.9003	0.6096	0.00477	0.00351
2.1834	0.6577	0.00602	0.00472
0.4912	0.4721	0.00753	0.0044
1.8125	0.6999	0.00753	0.00412
1.6616	0.6254	0.00486	0.00379
2.7522	0.7398	0.00519	0.00397
1.5967	0.6473	0.00485	0.00359
7.0594	1.2172	0.00537	0.00413
5.6394	1.248	0.00548	0.00563
2.3052	0.6497	0.00519	0.00392
2.3156	0.5152	0.02671	0.01796
4.6051	1.8888	0.00588	45.23513
2.5257	0.6016	0.00506	0.00371
1.7913	0.5812	0.00491	0.00355
3.3717	0.7282	0.00604	0.00459
1.6056	0.6619	0.00479	0.00351
2.0968	0.638	0.005	0.00385
2.138	0.5166	0.00484	0.00375
1.5924	0.5745	0.00545	0.0041
1.8383	0.5673	0.00457	0.00338
1.9806	0.5307	0.00483	0.00337
3600	30.3134	0.0048	0.00365
1.5434	0.6553	0.00535	0.01264
2.8071	0.6831	0.005	0.004
2.1718	0.5236	0.00528	0.00428
1.8841	0.4795	0.00484	0.00365
1.5541	0.5698	0.00603	0.00455
1.766	0.5622	0.00475	0.00356
2.5418	0.6421	0.00496	0.00373
1.9737	0.6131	0.0061	0.0047
2.1354	0.5809	0.00521	0.00748
2.0086	0.5384	0.00524	0.00407
1.8095	0.5491	0.00519	0.00382
1.8807	0.5309	0.00797	0.00487
1.9621	0.6066	0.00698	0.00418
1.9915	0.6602	0.00519	0.00373
1.8197	0.5296	0.01439	0.0102
1.7572	0.5009	0.00486	0.00363
1.8626	0.5258	0.005	0.00365
1.7599	0.5513	0.00535	0.00399
2.9647	0.6651	0.00492	0.00358
1.7051	0.5759	0.00545	0.00522
0.7792	0.4976	0.00635	0.00514
2.2457	0.672	0.00454	0.00334
23.7465	8.88	0.00489	0.0036
2.5312	0.6642	0.00778	0.00391
5.0942	1.096	0.00532	0.00386
6.886	1.5445	0.00557	0.00436
3.752	0.7265	0.00478	0.00359
1.8264	0.6191	0.00483	0.00352
1.7796	0.6749	0.00512	0.00379
4.7804	1.1217	0.00491	0.0036
2.3549	0.6262	0.00496	0.00352
1.9433	0.589	0.00511	0.00381
1.6974	0.6361	0.01057	0.00681
1.8018	0.6122	0.00563	0.00558
39.6837	22.9176	0.00576	0.00469
7.7073	1.3752	0.00741	0.00454
38.3987	20.5101	0.00532	0.00539
1.9757	0.6566	0.00465	0.00345
6.5004	0.8595	0.00732	0.0043
5.409	0.9564	0.01262	0.01146
6.3609	0.859	0.01153	0.00743
5.4957	0.7441	0.00501	0.00382
5.9297	0.898	0.00474	0.00353
4.9076	0.9547	0.00507	0.00374
5.8978	0.8565	0.0166	0.01689
5.7407	1.0076	0.00514	0.00382
2.3919	0.6545	0.00467	0.00351
2.1193	0.5703	0.00951	0.0077
19.8329	26.3883	0.00987	0.00806
1.572	0.5005	0.00992	0.00846
1.6285	0.6192	0.01124	0.00909
2.8169	0.741	0.0098	0.00773
2.0952	0.6238	0.01004	0.0084
3.4442	0.6994	0.00941	0.00732
4.0083	0.6076	0.01553	0.01594
1.5989	0.506	0.00777	0.00561
4.6319	0.8644	0.01542	0.0126
1.4883	0.6871	0.0115	0.0087
1.9579	0.6272	0.00977	0.00747
26.8034	13.0839	0.00856	0.0064
1.6717	0.6321	0.01482	0.01267
2.1414	0.4608	0.01044	0.00746
1.589	0.5979	0.01557	0.01257
3.4975	1.4362	0.01187	0.00929
0.6533	0.5478	0.01166	0.01083
2.0301	0.4789	0.01077	0.0083
1.8109	0.5838	0.00913	0.00704
2.506	0.4917	0.01576	0.01256
70.5887	131.2785	0.01142	0.00909
3.6735	0.7829	0.01202	0.00947
4.5323	0.7613	0.01874	0.01406
0.6221	0.5868	0.01159	0.01145
2.2065	0.5621	0.01202	0.00935
1.904	0.5322	0.01239	0.00795
2.0564	0.6455	0.01232	0.01625
1.8058	0.7362	0.01135	0.00885
1.9312	0.6514	0.01182	0.00944
1.7617	0.5731	0.01099	0.01027
2.3225	0.5208	0.01227	0.00992
3.0806	0.6294	0.00853	0.00651
3.0589	0.5152	0.01629	0.01389
12.0189	1.8875	0.01573	0.01301
20.8601	2.7827	0.06271	0.05395
24.2542	11.9423	0.0048	0.00376
1.8943	0.4552	0.01495	0.0126
2.0562	0.5691	0.01511	0.01258
7.3749	1.644	0.06134	0.05223
1.6924	0.6162	0.0125	0.00988
2.0648	0.5633	0.02038	0.01467
1.6491	0.619	0.01185	0.00892
1.7616	0.643	0.01038	0.00751
2.4501	0.6551	0.01055	0.0077
4.9063	0.7572	0.01129	0.00809
7.3378	2.0066	0.01317	0.0075
1.6838	0.5765	0.01103	0.00832
0.6126	0.6608	0.01181	0.00864
0.4419	0.5192	0.02055	0.01116
2.0241	0.6286	0.01817	0.01193
5.2694	1.1158	0.01144	0.00842
1.2393	0.6512	0.01184	0.00891
2.8762	0.8389	0.01131	0.00851
6.9577	0.9986	0.01146	0.00855
8.1552	2.0177	0.01095	0.00797
2.068	0.572	0.02746	0.01977
1.7915	0.5419	0.01053	0.00755
1.7427	0.6738	0.01106	0.00807
1.5782	0.5666	0.01146	0.00853
2.0223	0.6109	0.02303	0.01743
2.1331	0.5921	0.01169	0.01275
4.2056	0.695	0.01445	0.00848
1.6071	0.7215	0.01154	0.0086
2.3985	0.549	0.01107	0.00811
6.0469	0.8854	0.01156	0.00828
3.039	0.6906	0.01128	0.00845
1.5316	0.6233	0.01084	0.00804
2.256	0.721	0.01082	0.00804
1.8259	0.6455	0.01196	0.0086
1.5045	0.6708	0.01072	0.00785
4.1056	0.6888	0.01133	0.0084
2.7929	0.6264	0.01105	0.0083
4.1783	0.6052	0.01181	0.01225
1.8871	0.5145	0.01131	0.0084
1.6283	0.6546	0.01114	0.00786
4.8359	0.8949	0.01084	0.00813
13.0407	3.3122	0.01466	0.00867
3.1069	0.6871	0.01059	0.00781
2.1098	0.636	0.01947	0.0126
3.6281	0.6691	0.01047	0.00738
2.9775	0.6859	0.01037	0.00762
2.2329	0.502	0.02108	0.0149
1.9801	0.5635	0.01117	0.00805
0.5007	0.4935	0.02439	0.00886
1.8535	0.5983	0.01136	0.00849
1.8105	0.7473	0.01127	0.00824
1.6413	0.6634	0.01138	0.00831
0.5235	0.4462	0.03146	0.02176
4.8192	1.7273	0.01625	0.01314
8.4136	1.7396	0.01183	0.00908
5.1725	1.1922	0.01128	0.00852
3.1247	0.6401	0.01578	0.01031
7.8089	1.2255	0.01081	0.00772
1.8866	0.5406	0.01642	0.00938
2.1346	0.5395	0.01177	0.01082
1.6363	0.5509	0.0113	0.00811
2.1642	0.8049	0.01124	0.00844
2.8491	0.6678	0.0371	0.01016
1.6927	0.7369	0.01174	0.00865
1.7062	0.522	0.01104	0.0081
2.7493	0.7143	0.01072	0.0078
1.2107	0.563	0.01177	0.00897
0.5729	0.4701	0.01032	0.00746
1.7637	0.5891	0.01193	0.00897
2.1996	0.6487	0.01165	0.00889
10.5933	2.4468	0.01469	0.00858
0.9797	0.5932	0.01167	0.0086
0.8002	0.5672	0.0119	0.00857
0.5825	0.5268	0.02592	0.01722
2.2091	0.6816	0.01243	0.00905
1.8471	0.6317	0.02139	0.01257
0.6126	0.4043	0.011	0.00805
3.1611	0.6742	0.00536	0.00375
1.7152	0.6139	0.00482	0.00791
1.9238	0.6464	0.05562	0.02789
1.7001	0.6303	0.00566	0.00427
0.6839	0.4569	0.00503	0.00359
2.7246	0.6015	0.00647	0.00489
2.4041	0.5674	0.00544	0.00395
3.9009	0.6647	0.00506	0.00387
14.3331	2.4183	0.00497	0.0036
3.5362	0.6793	0.00526	0.00369
4.8231	1.8667	0.00528	0.00394
1.259	0.5229	0.00523	0.00383
3.1056	0.7554	0.03614	0.02422
4.9011	0.7511	0.03091	0.01852
1.7577	0.5062	0.00597	0.00436
13.1163	2.8992	0.00527	0.00379
2.2186	0.4783	0.00698	0.00365
1.9762	0.5025	0.00489	0.00535
3.748	0.8065	0.00521	0.00375
4.4018	1.0501	0.00529	0.00378
3.6995	0.9736	0.00493	0.00355
9.7862	1.8026	0.03779	0.03242
2.1137	0.5347	0.00552	0.00417
5.9787	0.9032	0.0052	0.00369
3.163	0.7297	0.02154	0.01706
2.7787	0.688	0.03735	0.03158
3.573	0.7472	0.00576	0.00443
2.3785	0.6835	0.00586	0.00429
138.9294	108.0958	0.00508	0.00362
0.477	0.5666	0.00563	0.0052
3.3069	0.5718	0.0051	0.00392
1.7564	0.6165	0.005	0.00925
1.773	0.5662	0.00694	0.00527
23.0805	11.2572	0.03945	0.03406
15.0748	2.2813	0.03944	0.03334
6.603	0.8811	0.00774	0.00453
1.7977	0.6648	0.00585	0.0067
5.7741	1.0036	0.00523	0.00735
0.8569	0.472	0.00558	0.0039
6.334	0.6424	0.04182	0.03708
2.1217	0.6124	0.04001	0.03493
2.1105	0.6563	0.00515	0.00386
5.4885	0.9778	0.00595	0.00437
1.6402	0.6256	0.00517	0.00375
0.4576	0.4893	0.03757	0.02479
2.1	0.6122	0.00526	0.0038
1.8429	0.5756	0.00532	0.00381
1.7772	0.6228	0.0056	0.00528
2.5503	0.7991	0.03728	0.03138
7.8933	1.7996	0.0399	0.034
1.9723	0.6094	0.00691	0.00377
18.5822	3.2696	0.00475	0.00391
2.7983	0.6609	0.00514	0.00374
2.2966	0.5955	0.0052	0.00368
2.0646	0.5164	0.00519	0.0039
1.8133	0.6569	0.04015	0.03247
0.798	0.557	0.00553	0.00428
3.1347	0.7979	0.00501	0.00353
3.6736	0.6558	0.03802	0.03304
1.8191	0.5846	0.03786	0.03294
3.921	0.6553	0.03671	0.02496
1.726	0.6305	0.0053	0.00383
0.6072	0.4872	0.03945	0.03234
4.7105	0.8816	0.005	0.00354
1.4992	0.5819	0.03982	0.03421
2.1523	0.6085	0.05486	0.04245
17.9117	3.2731	0.00819	0.00443
4.7463	1.9669	0.0519	0.04612
2.7448	0.7877	0.00574	0.00539
1.9599	0.6987	0.01574	0.01496
4.0991	1.5225	0.06648	0.0388
2.4754	1.2377	0.00572	0.00643
3.5488	0.8969	0.01161	0.00747
5.0684	1.9501	0.01286	0.00522
3.5949	1.5246	0.02296	0.01468
5.3864	1.8662	0.01563	0.01023
3.3375	1.2613	0.02503	0.01562
2.4185	0.6013	0.01334	0.00939
12.9996	4.9724	0.02648	0.014
6.7402	2.0617	0.01743	0.01308
3.2803	0.91	0.04725	0.04005
5.557	1.6566	0.05454	0.03835
5.155	1.3066	0.07822	0.06276
4.3154	1.5027	0.07635	0.0547
4.5976	1.3684	0.0794	0.06189
6.5827	1.9672	0.07001	0.06055
3.1567	1.615	0.06911	0.06172
3.6258	1.2092	0.06904	0.06002
3.5348	1.6251	0.06697	0.05797
1.9133	0.6648	0.06624	0.05695
5.6871	1.9406	0.06788	0.0603
3.9507	1.4339	0.0674	0.06042
3.1491	1.1071	0.06588	0.05751
4.5365	1.6772	0.06707	0.05947
1.7007	0.7271	0.06742	0.05706
4.7478	1.5603	0.06309	0.05504
2.278	0.7116	0.06932	0.06013
4.436	1.6212	0.06631	0.05636
3.634	1.9894	0.07272	0.06018
4.8385	1.8159	0.06864	0.05763
11.8716	4.2745	0.06884	0.05835
2.6829	0.6265	0.06705	0.05523
2.6058	0.8951	0.06701	0.05858
3.6514	1.68	0.07035	0.06143
2.9492	1.1766	0.08104	0.06207
2.8529	0.9496	0.06797	0.05795
4.8377	1.6349	0.06938	0.06226
2.8395	0.9903	0.06812	0.05878
4.8365	1.3908	0.06256	0.05559
3.0053	1.042	0.06826	0.05847
4.7968	1.415	0.01326	0.00934
5.6408	1.919	0.06744	0.05896
9.5142	2.6491	0.00976	0.00669
5.3333	2.124	0.01443	0.00924
5.2033	1.994	0.0145	0.00881
13.5057	4.193	0.00937	0.00985
15.2648	6.2858	0.01145	0.00779
5.4065	1.9716	0.04644	0.04254
5.7102	2.2984	0.08929	0.07756
3.8548	1.4209	0.08255	0.07096
3.1017	1.1041	0.08482	0.07335
3.1273	1.0411	0.09096	0.07735
8.0657	2.0669	0.08332	0.07232
4.438	1.667	0.08515	0.07313
0.571	0.5776	0.10553	0.07895
1.9378	0.6331	0.08495	0.0732
2.8989	1.107	0.09127	0.07902
2.0509	0.5127	0.08396	0.07425
4.3841	1.6618	0.07987	0.07202
4.6585	1.7192	0.08905	0.07699
5.4165	2.1719	0.08774	0.07763
3.6344	1.1903	0.09886	0.0745
6.628	1.7149	0.08483	0.07374
4.2711	1.261	0.09272	0.08038
3.3366	1.4121	0.0117	0.0078
1.8383	0.6489	0.01149	0.00755
3.406	1.4684	0.01117	0.00758
4.3148	1.7371	0.01135	0.00789
4.1863	1.7109	0.017	0.00942
1.1008	0.5541	0.01135	0.00768
2.2516	1.0582	0.01445	0.00762
4.2992	1.9978	0.01104	0.00762
0.9611	0.4568	0.01113	0.00745
4.0236	1.395	0.01358	0.01065
6.3447	2.5284	0.01228	0.00875
2.0955	0.6838	0.01341	0.00939
3.7938	1.5812	0.01484	0.01132
1.9342	0.6246	0.01122	0.00771
4.2484	1.2449	0.01198	0.00857
4.5795	1.8538	0.01682	0.0099
0.5494	0.503	0.01103	0.00759
5.4272	0.7344	0.01353	0.00998
0.6572	0.5777	0.01177	0.00768
2.5389	1.1103	0.01408	0.01091
3.3181	0.6347	0.01178	0.00828
13.536	1.5846	0.01211	0.00848
0.6758	0.5445	0.01488	0.01082
1.8835	0.5774	0.01375	0.00985
1.615	0.5453	0.09648	0.08292
2.0048	0.5839	0.10465	0.09085
1.7325	0.5851	0.10269	0.08885
0.9005	0.5329	0.10612	0.09285
1.7957	0.5324	0.02124	0.01253
0.7182	0.4956	0.12612	0.0944
0.8432	0.502	0.02393	0.0133
0.8779	0.4764	0.03401	0.01961
2.1424	0.6809	0.12789	0.10881
2.1203	0.6337	0.05846	0.02567
1.7925	0.5913	0.14971	0.12851
1.9019	0.6242	0.2194	0.10225
1.7531	0.6568	0.03936	0.02823
2.0118	0.6797	12.02876	8.36518
0.7761	0.5572	0.04421	0.02931
2.0397	0.6079	0.19242	0.1636
2.5089	0.6935	0.08611	0.05007
3.1937	0.8251	0.07322	0.04607
0.6408	0.5306	0.05535	0.03578
3.5905	0.7827	0.05403	0.03658
4.9733	0.8012	0.23121	0.21381
16.102	4.6093	0.21994	0.18267
1.7699	0.6897	0.0677	0.04632
1.7783	0.5653	0.07237	0.05412
2.7052	0.5128	0.08536	0.0579
0.6876	0.5356	0.08668	0.05778
5.6714	0.9912	0.10185	0.05986
0.666	0.5029	0.08607	0.05765
0.6078	0.4636	0.08705	0.05925
2.7003	0.6041	0.08961	0.06099
3.4206	0.8321	0.08764	0.05123
0.6227	0.5481	0.08645	0.05411
3.0069	0.7356	0.1095	0.06221
2.2041	0.4908	0.12224	0.01383
1.7207	0.4818	0.40848	0.08452
